20800
25
7.316918019982034
7.316918019982034
7.316918019982034
7.316918019982034
7.316918019982034
7.316918019982034
7.316918019982034
7.316918019982034
7.316918019982034
7.316918019982034
7.316918019982034
7.316918019982034
7.316918019982034
7.316918019982034
7.316918019982034
7.316918019982034
7.316918019982034
7.316918019982034
7.316918019982034
7.316918019982034
7.316918019982034
7.316918019982034
7.316918019982034
7.316918019982034
7.316918019982034
39800
25
1.5472787402240922
1.5472787402240922
1.5472787402240922
1.5472787402240922
1.5472787402240922
1.5472787402240922
1.5472787402240922
1.5472787402240922
1.5472787402240922
1.5472787402240922
1.5472787402240922
1.5472787402240922
1.5472787402240922
1.5472787402240922
1.5472787402240922
1.5472787402240922
1.5472787402240922
1.5472787402240922
1.5472787402240922
1.5472787402240922
1.5472787402240922
1.5472787402240922
1.5472787402240922
1.5472787402240922
1.5472787402240922
58800
25
0.23658493638393374
0.23658493638393374
0.23658493638393374
0.23658493638393374
0.23658493638393374
0.23658493638393374
0.23658493638393374
0.23658493638393374
0.23658493638393374
0.23658493638393374
0.23658493638393374
0.23658493638393374
0.23658493638393374
0.23658493638393374
0.23658493638393374
0.23658493638393374
0.23658493638393374
0.23658493638393374
0.23658493638393374
0.23658493638393374
0.23658493638393374
0.23658493638393374
0.23658493638393374
0.23658493638393374
0.23658493638393374
