26000
25
-198.94841516202078
-198.94841516202078
-198.94841516202078
-198.94841516202078
-198.94841516202078
-198.94841516202078
-198.94841516202078
-198.94841516202078
-198.94841516202078
-198.94841516202078
-198.94841516202078
-198.94841516202078
-198.94841516202078
-198.94841516202078
-198.94841516202078
-198.94841516202078
-198.94841516202078
-198.94841516202078
-198.94841516202078
-198.94841516202078
-198.94841516202078
-198.94841516202078
-198.94841516202078
-198.94841516202078
-198.94841516202078
