38000
25
-52.60733778737218
-36.06282937732358
-26.028456640947223
-124.31278987981635
-22.112209333467863
-28.24353419035148
-43.813269477028456
-66.75688127773181
-40.30800986312917
-94.07114071957797
-51.39337764880462
-7.280361008674362
-29.628710972552078
-63.873756262993965
-101.40418133597225
-48.71313404812016
-25.590504844624604
-58.39610280939642
-32.141948417440375
-28.09856118552802
-20.695048278756023
-16.226371474234032
-14.619103383166223
-33.84691344456234
-47.26928497231595
67000
25
-68.75602371063063
-19.43815500331148
-41.00947147455194
-23.139597473460388
-9.253507172587053
-4.1697650257525725
-31.164839845345806
-8.13035844343119
-9.883518222263863
-14.694287897186594
-173.17958776438047
-18.037956262530884
-15.876041884479852
-10.027026903588197
-68.11104469958589
-5.520209676848816
-20.910425431060766
-34.49853853050502
-23.89703928260187
-20.79885459152302
-300.13871146545364
-5.206628761240183
-3.244560011274981
-18.515425495036492
-29.0825275034462
