-0.182139715843516 -0.19057809780868715 -0.11410729965044734 -0.23150943725958165 0.9662134092336343 -0.18524172975007472 -0.20477060081491882 -0.0629269305689641 -0.19262980456745468 0.9656657712489717
-0.18570986178329824 -0.19186330520841702 -0.11192152744916192 -0.23091626889344197 0.9795099442488922 -0.18868504453510174 -0.20515561732477033 -0.0604891338447351 -0.191281379239178 0.9754484490446267
-0.1893984989049108 -0.1931803022785057 -0.10918615736323208 -0.23011542926931564 0.9931217397295523 -0.1922245548510252 -0.20556718752097952 -0.057559725851073044 -0.18981455553574397 0.9855039053286261
-0.19320643575101665 -0.19450892832844457 -0.1058366856237078 -0.22906685212283703 1.0069723209193218 -0.1958611711790039 -0.20598885494520464 -0.05408470384268057 -0.188195536973432 0.9957697366659397
-0.19713300098897266 -0.19582530209010748 -0.10180370017141259 -0.22772899992912507 1.02096902016498 -0.19959456950594434 -0.20640102719916484 -0.05000587699794375 -0.18638921283134924 1.0061699020838641
-0.20117573487510798 -0.19710154115570655 -0.09701332602623032 -0.2260594434808678 1.0350014755676449 -0.20342293135464298 -0.20678073498890207 -0.04526122865185634 -0.18435963925033275 1.016613441541484
-0.2053300583093651 -0.1983055423735509 -0.09138794473968746 -0.22401562590688348 1.0489403281545746 -0.20734266444836474 -0.20710144136917036 -0.03978550801600521 -0.18207067540775895 1.0269933565610883
-0.20958892887160563 -0.19940085363937426 -0.08484723956382673 -0.22155583197161216 1.062636246187472 -0.21134811178190235 -0.20733292673361844 -0.03351109517232909 -0.17948679263541506 1.0371857608074293
-0.2139424975974457 -0.2003466724268315 -0.07730961447485649 -0.21864037698064748 1.0759194300345376 -0.21543126054301664 -0.20744127928195702 -0.026369180368287264 -0.17657406897469158 1.0470494294926307
-0.21837778517675677 -0.2010980101013548 -0.068694025796993 -0.21523301905563264 1.0885997720834202 -0.21958146648121682 -0.20738902389154415 -0.018291290946222172 -0.17330137289046119 1.0564258945212526
-0.222878401415932 -0.2016060625521576 -0.05892224824090642 -0.21130258330007307 1.100467859192031 -0.22378521368507803 -0.2071354236839965 -0.009211185217604048 -0.16964172714765027 1.0651402436923123
-0.2274243366664911 -0.2018188257664858 -0.04792157135075647 -0.20682476619922455 1.1112970048987976 -0.22802593386341327 -0.20663698710386164 0.0009328889142448052 -0.16557382696057982 1.073002782613387
-0.23199185773901795 -0.20168198839709167 -0.03562788699451261 -0.20178406386376604 1.1208464792005308 -0.23228391250268518 -0.20584820794906522 0.012195602347930998 -0.16108366575483424 1.0798117023219973
-0.2365535426479501 -0.20114012101190923 -0.021989084195244604 -0.1961757397328648 1.1288660595398226 -0.23653631089913005 -0.20472255555196378 0.024621689156271324 -0.1561661982999997 1.0853568591832023
-0.24107848731265263 -0.20013816286383893 -0.006968616582664438 -0.19000771852972767 1.1351019535639464 -0.24075733214735698 -0.20321371659775625 0.0382429388372381 -0.1508269466016214 1.0894247128647945
-0.24553271206086358 -0.1986231817610313 0.009450945516802704 -0.18330226726085064 1.1393040410872237 -0.24491855484863462 -0.20127706892825203 0.053075193332988026 -0.1450834318334307 1.0918043820219552
-0.25009788764406776 -0.1963722357310763 0.02725323304208317 -0.1761425003284953 1.1412688960209776 -0.24898944994885416 -0.19887134211050367 0.06911554715933249 -0.13896629968524377 1.0922946686191428
-0.26253422319289743 -0.1870092489575522 0.04635262242366075 -0.1700579138749231 1.1417695305638955 -0.25293662112766485 -0.1959617614109334 0.08633780552747565 -0.13251876430535361 1.0907124112540005
-0.2810116010976534 -0.17169984871975819 0.06381095419349628 -0.16006710957758066 1.1391941302654818 -0.25667613317570104 -0.1925657954003199 0.1046412105164141 -0.12576523937707976 1.0869137196000507
-0.3008268878114623 -0.15429664494836626 0.08146178120846653 -0.14765047972879547 1.1330447708333578 -0.2601390500968824 -0.18869179590435628 0.12399651930915852 -0.11880213020126688 1.0807639158644045
-0.3242011540587331 -0.13380013291935117 0.09798824459621656 -0.1355180576086662 1.1261929174798575 -0.2632592613304203 -0.18435869318304043 0.14432795691262046 -0.11172954981145664 1.0721771312444381
-0.34939218978430625 -0.11245655109980583 0.1046532010094933 -0.11742983012824833 1.1208059335509755 -0.2659007417672042 -0.17966532749632924 0.16540086338362425 -0.10456598130485499 1.0611506470863319
-0.3803827336517829 -0.08704916782842317 0.10272115809149153 -0.09468242213598711 1.1174276225837547 -0.26792557155965824 -0.17472043362013387 0.18701912983904714 -0.09736651867874008 1.0477131348278965
-0.4121080699566688 -0.0612576516756589 0.09737203236656441 -0.0703959590059382 1.1146218086943949 -0.2691565903847432 -0.16967563319822282 0.2089837205595777 -0.09018231886879757 1.0319257350510262
-0.44604302822665837 -0.03305868899658499 0.08959105082275551 -0.044018051012666606 1.1106881989390738 -0.269477759107542 -0.16463770468524846 0.2311442860462671 -0.08308861403474668 1.0138610494565954
-0.4880048390800648 0.0023090584001304237 0.08529028495806373 -0.021090278034857145 1.1055404695115252 -0.2664657955360513 -0.16212101181333524 0.25329666856668565 -0.07795713164382033 0.9952886072160421
-0.546862266569692 0.04580130504469646 0.06307370827206452 0.004239732809313976 1.1176768210238648 -0.2544873873301303 -0.16800502463572348 0.2767266626534194 -0.08048785630832767 0.9803858972353462
-0.6496694828753968 0.1062033951912742 0.0023953153439679607 0.020355432747943086 1.1904301524153393 -0.2327055694222929 -0.18638613962131115 0.3026859323056482 -0.10058807761552852 0.9798704786558432
-0.8326696743912378 0.19514126622009806 -0.12768851399865808 0.02338199548212724 1.3798431538492282 -0.1902975034973748 -0.22382482654855787 0.33851072125185716 -0.1386634008896842 0.9850097452342228
-1.1375208268548949 0.34227311476034766 -0.28168026770481486 -0.029033526493230412 1.7007553833522773 -0.11619712088980796 -0.2843519105418613 0.3934754557626658 -0.19362702577742427 0.9797520294784435
-1.5781330758632324 0.5767216328685849 -0.42681219924578834 -0.1168531160551611 2.094235295970292 -0.003946848415929385 -0.3602712729152545 0.4861963176419576 -0.25687101882564506 0.9226929889769345
-2.1448872307771794 0.889090158021343 -0.5677194233636512 -0.23521772460338058 2.562027507888949 0.1435419094958194 -0.452300763330546 0.5849500472133055 -0.30630730398728606 0.824323540905191
-2.7488706178750424 1.2299807963640532 -0.6853627768299212 -0.3640182520250838 3.0341131430135366 0.3248718269033139 -0.5661466523620792 0.6566522734854451 -0.32469533437381115 0.7058492194710249
-3.2138815383627586 1.4795636231526397 -1.0771419264279702 -0.18466143274684857 3.4326429317357787 0.5152336168841415 -0.7059388368750966 0.649048930940686 -0.306385732297863 0.6455920170537233
-3.5347965928430463 1.620976262244898 -1.911902738137425 0.42031585188971665 3.8062328675142805 0.6952567248866341 -0.8816623570455094 0.5618622903894274 -0.29095467133727737 0.7207971649526723
-3.721613094137319 1.6677177370006007 -2.8218723921716875 1.0861489199181162 4.14898814100111 0.8566535991117755 -1.0937360623834185 0.4562224188818885 -0.3458766926893501 0.957850048797877
-3.582899422740497 1.5213724353645857 -3.303684418985032 1.4250957089139722 4.251129544596006 1.0615159814767254 -1.371114807649104 0.4335324927881812 -0.5352624078014473 1.293866362337662
-2.7378349218353097 1.0004318853026644 -2.725688431429231 1.0288440607245588 3.693597027688684 1.4112724234733642 -1.7435997337488347 0.5685687222734424 -0.8432974912917883 1.5515822710604805
-1.3885901497305428 0.20966071372129022 -1.5896636515317644 0.2798752383867493 2.6871079066314776 2.0273931061034447 -2.2869507825461795 1.0263290032817316 -1.3928117455491822 1.6511440201280119
-0.30091348979518895 -0.4518402233992028 -1.0069806050488415 -0.08568992682743726 1.9741333885496148 3.0157590928313938 -3.115869425403675 2.0337879724360315 -2.4204105972594303 1.6758237439723225
0.23869771950590316 -0.8032289691962228 -1.0370822139750138 -0.05248221384371786 1.7146357302590645 4.309692481248631 -4.234941476948876 3.356800283772146 -3.7737711336382285 1.8053524737839906
0.5267048332548414 -1.0448044376486993 -1.1732355060432482 -0.009565745233163793 1.7414582232049622 5.994793848586101 -5.661896171010055 5.075539487627915 -5.4526373030625965 1.8781440709122257
0.977942846282498 -1.453887822485893 -0.9875949518019397 -0.2706693730028595 1.845607962445391 7.856542836555557 -7.204209333044013 7.037210981412821 -7.297690172741117 1.8784685761226978
1.82773694702359 -2.183457848612058 -0.2334321484555501 -1.0131201329314112 1.9087642914775502 9.243240608139338 -8.358784812339119 8.599373377315835 -8.741468933382567 1.8886960767060137
3.155041242199043 -3.2940372357086707 1.1665700630225009 -2.2949805843674054 1.9185450809546338 8.863407564341422 -8.10386620354644 8.340516856781553 -8.555675593821622 2.02683883213843
4.003071477359505 -4.020992706250668 2.1327709116490623 -3.1687800384164775 1.9469661887183265 6.660345127510804 -6.33014508148267 6.177391059972014 -6.644658623486477 2.1291171435514817
3.932242412216343 -3.9784768936245496 2.187441123718143 -3.213197002345318 1.9537990334334236 4.718829820743918 -4.665159995566993 4.404009526619481 -5.005436311353164 1.95823046500571
3.703574208194794 -3.761745640132731 2.163869770836636 -3.1560302207413162 1.8593028408373127 3.8243762525098064 -3.8226288884950113 3.739072168288133 -4.345104742426166 1.7031196492759133
3.626616357568874 -3.6412962202392687 2.360214146288811 -3.2769840984398 1.7044549390058594 3.358167224131544 -3.3532872923712747 3.4385333376598837 -4.045216239832037 1.5216020021738228
3.5143635293341693 -3.4939369509686875 2.48845357920315 -3.3528216332033147 1.5746717113299487 2.9997210603877913 -3.000185414012559 3.192746049143294 -3.81766235504486 1.4163441703993023
3.2630437002555492 -3.2426650870154994 2.407702309176392 -3.2697375397088244 1.4929675177757844 2.6159694244515723 -2.6583234747177453 2.8449940202873667 -3.5278812456356983 1.3971206369696516
2.897169006830485 -2.9134326769916936 2.1286648870097666 -3.0367778730826953 1.4653106251862358 2.246465768919037 -2.3480234584323267 2.4761235322868176 -3.2281977726516127 1.4215682232294475
2.451374400937265 -2.535631908741306 1.700185068328543 -2.6943605480011485 1.4880588144676827 1.8832637529764447 -2.056334937234016 2.095723779112201 -2.923148762823494 1.4751433074050753
1.9788369730405566 -2.152389609381121 1.1937600414972993 -2.2983828633179484 1.5519332298494888 1.5430921191275069 -1.7894935599041428 1.7482673693916277 -2.64515245290672 1.538364295720076
1.5301211523382554 -1.8002799766441204 0.686539528438611 -1.908104026576992 1.6412123281369988 1.251124698468706 -1.5592590635092554 1.4928573331641335 -2.4340989743049675 1.5858408740573258
1.0783853397097551 -1.450368118906912 0.1690370278114976 -1.5151122942707982 1.743986945768863 1.0013359112425544 -1.3589476265064415 1.3140242326391793 -2.2791742476990255 1.6166447675824758
0.5892858346669804 -1.0712033533558238 -0.4003337702272777 -1.0905598660373923 1.8596001670436566 0.763300363369138 -1.1655188634548768 1.1528546259681594 -2.139807799548032 1.6422787818422573
0.0602541656583931 -0.6560446527999703 -1.016610861459439 -0.6400164618506691 1.9801049004482674 0.548802298676669 -0.9858841979997844 1.0269052241991063 -2.028650056710374 1.6554100089863844
-0.4617082619209363 -0.23817506667422927 -1.6137073600101388 -0.21356907836746236 2.0907035296675973 0.36577629338430306 -0.8255022504255413 0.9493997517640648 -1.955100774235149 1.6538468326301468
-0.8282906871526047 0.07323330449728283 -1.9693923948539431 0.03308470578969008 2.1451076320199505 0.2826651845967873 -0.7367702471251051 1.008600037863502 -1.9823945040550348 1.6223640977420293
-0.8908614900311203 0.1686228051666333 -1.8409020478371436 -0.054026143619833364 2.0841548466732682 0.3391533581033863 -0.7465949410692475 1.291942928350343 -2.1622266284810188 1.5350156143836822
-0.5495521671192714 -0.03235428037787507 -1.1014574771850998 -0.5378283162760079 1.8718006576509718 0.5489901454403574 -0.8696035659274663 1.8035880048228512 -2.48824858554299 1.3908677945400278
0.06905359087581682 -0.452668723187769 -0.008434088213478831 -1.21710091800176 1.5647928479394124 0.8524237355912686 -1.0709494990073343 2.413594309408303 -2.862900931475042 1.2221936717129087
0.5793170047418994 -0.830031740024292 0.8382767795167362 -1.6681239103239252 1.3219387310188027 1.062995586748838 -1.222165491751824 2.8613144992583064 -3.100133099741981 1.099587423383648
0.7149056045228604 -0.9784068795761086 0.9815476493039971 -1.6126712359854138 1.2780759657617409 1.0806699636065076 -1.255899042409653 2.952666830374549 -3.0795947536391486 1.0782153467693552
0.59725361177779 -0.9647386710850925 0.6955233940479312 -1.2632318609205528 1.3590959541372247 0.9923120783620638 -1.2303843769288296 2.8197506088703825 -2.9003091637984606 1.1228975682880498
0.525791879815469 -0.9823627613887622 0.47233041787116153 -0.9757117052768028 1.4221277824759302 0.9711857654125962 -1.2568567057755629 2.755204407439974 -2.771338980713496 1.1482388865179867
0.7192930974219703 -1.1594328506849847 0.7171867383172256 -1.0583043260108174 1.3489071970498312 1.1497818333680645 -1.4143195532913546 2.9926717651017354 -2.868703107392276 1.0821136479942612
1.143688276406177 -1.454988312219908 1.516299311103476 -1.5981968785768743 1.1323194688365148 1.534165038229008 -1.6995516496201304 3.5493775904110776 -3.22784544251058 0.9236258972054582
1.5552442554515933 -1.7192066159608395 2.3588532731376337 -2.236528498858011 0.9184313795686564 1.9420343431262002 -1.984682090794839 4.181211833277211 -3.681869660424884 0.7476823346313748
1.7678287356244877 -1.8482569132746298 2.8000595432102995 -2.64311648885958 0.8299860526013629 2.241233226944871 -2.191559772778285 4.615879023302562 -4.026865343247247 0.6308068391519809
1.770610448520054 -1.8378706384861765 2.8659352733007672 -2.8095519989716604 0.8576110674784705 2.420407897097058 -2.3198526847051744 4.813339915373121 -4.219256804404179 0.5838929575542633
1.6661780301423004 -1.7606148315334473 2.7254986787183975 -2.838105970262526 0.9544913027220588 2.5110251907190086 -2.391765451979772 4.838364745577087 -4.288961307419318 0.5846577824269735
1.52425303517135 -1.6637175504771262 2.502941908853155 -2.82180130800664 1.0921163233186468 2.5509517268821784 -2.433995346621312 4.745091337208397 -4.265908179056142 0.6128494993439471
1.434177690651802 -1.6129517808647413 2.2929457507678004 -2.8295395661800873 1.2454503685903762 2.5473797528228044 -2.449737556745103 4.559660390580329 -4.162698634281215 0.6574145693207597
1.4058730290713735 -1.600184273017792 2.2208841513136655 -2.8847105614767776 1.3379045087027492 2.474130245147821 -2.416194776090691 4.283225240151856 -3.9751302813514595 0.7142026397045151
1.4343630654025032 -1.6243444256740434 2.2086953097742335 -2.9040963322747797 1.3603064975672994 2.3444123428421104 -2.3423182451974554 3.9337401807228196 -3.72088588221267 0.7807318535701628
1.3802992733894612 -1.582142396582732 2.069489057299829 -2.726807262361713 1.3311644529804447 2.1781565579904396 -2.2395547105066886 3.565491184303139 -3.445120785451386 0.8488182249739541
1.1989317658106897 -1.4450527250693415 1.70140312393234 -2.3087577306079177 1.290897141529036 2.039760286513866 -2.1535450196091612 3.2728076275233233 -3.229893387233858 0.9062384066696103
0.9262039510483425 -1.2368889352105132 1.2384492974978003 -1.801043056854293 1.2557953760339051 1.9588650156714846 -2.103448430606498 3.1274495476420414 -3.1321350284332157 0.9415790705845085
0.7584667707792405 -1.1109991513671322 0.924354309483811 -1.4788479525293077 1.2456789196929638 1.9787515483737887 -2.1236941437459365 3.176452889186847 -3.2005046352780133 0.955554946761875
0.8549534875105488 -1.1925468840447604 0.9380161407664138 -1.511089793907626 1.2512534164891593 2.1187297538577696 -2.2328001493194685 3.4158016474560533 -3.440529820041965 0.9552630756256705
1.127279212980038 -1.4099530446498019 1.227132679237553 -1.8134038324372432 1.2543526150820128 2.379555028272339 -2.434796489894653 3.839774708790666 -3.8566095471426736 0.949807709874148
1.447753996043145 -1.665262001661364 1.5727799546830068 -2.1692508731953843 1.2554570443838975 2.7693912810471137 -2.738589429431372 4.442708908018266 -4.449492445409514 0.9440291813993885
1.773732515151993 -1.9251954947412449 1.9446594940035984 -2.5484757483934035 1.2566200429972239 3.287918653425832 -3.1445465939702824 5.21814188642638 -5.209075612065356 0.9344108611883702
2.075450766614049 -2.1638022299687067 2.342302075550385 -2.937494197738372 1.2498729234590793 3.8149058965613305 -3.5555315697055683 6.0423332387390225 -6.003536149078878 0.9158188413566354
2.203545524662488 -2.262910808048905 2.5349500284192037 -3.1195806004000795 1.2437444405150744 4.172511804382158 -3.8299523676095752 6.662435397546606 -6.588729610450182 0.8942553533820229
2.170252860699345 -2.233548462850732 2.48163716340954 -3.069361186318354 1.245520096338389 4.222894005889816 -3.858350132260666 6.871187362003624 -6.77561406361044 0.8827565641361128
2.032860472243217 -2.1176770697191603 2.3907931896314616 -2.9731556173932474 1.2460993174979507 3.973804959966508 -3.6478546823890254 6.651653113056519 -6.5606574937337045 0.8902620426953869
1.9205107791883085 -2.024396829227199 2.2472165482584026 -2.838034477648602 1.2535623398502411 3.5255022098787845 -3.2806603418006817 6.05120835070493 -6.000553127804805 0.9202496830885794
1.804740258995573 -1.9293658816872261 2.056193509065647 -2.663690031750577 1.2649210029442712 3.0193504263331694 -2.8690584694319967 5.277968955983784 -5.288733449570611 0.9620751980180777
1.667439224672522 -1.817010648754678 1.8298420542187779 -2.458173397030566 1.27786382044606 2.557391448761857 -2.4938266872997183 4.522264910787621 -4.597377600801179 1.0046278077430566
1.5473677292086003 -1.7184240335383365 1.6370951395872957 -2.2833789887333946 1.289249811361718 2.207886759123668 -2.209448313989736 3.919615057958833 -4.049145906851276 1.0404023040922887
1.4623672648834853 -1.6475297421848445 1.5216607444142205 -2.177147838320198 1.2957390309484964 1.9757090918168352 -2.0195231393628825 3.504240590004381 -3.672742958306797 1.066347071680034
1.4112916687762436 -1.6036707729940034 1.4617900887308788 -2.1209240442250747 1.2984197356800669 1.8400651746661252 -1.9071891799438951 3.2493579950120552 -3.4423939825345533 1.0827797360185
1.3797516105748204 -1.5755761557227086 1.4291467962888333 -2.089278097609707 1.2992850317400064 1.7667113774341996 -1.844908274979104 3.1092221288665938 -3.3155230288507638 1.091899492962786
1.3590470893289353 -1.55661442930393 1.4044532544570054 -2.06554931453131 1.3002811050723648 1.7308608524608375 -1.813234544486735 3.0335906408214166 -3.247584980374567 1.0973878868983922
1.3385462300165472 -1.5379673661237334 1.3926041021089934 -2.052691491839999 1.300775749814311 1.7116768709700239 -1.795483182364274 2.9924449246736775 -3.2112583615253785 1.1012611674799127
1.3022266185162468 -1.5058881052081847 1.401456062123123 -2.054712078772207 1.298909851825362 1.693409997125181 -1.778542350262751 2.9750172963741925 -3.195158794569759 1.1034539316517842
1.264384345121589 -1.4725968699017558 1.4190906743942184 -2.0637505878324287 1.2960908575756087 1.674254077842528 -1.7608807931532096 2.973025262888006 -3.191836346561825 1.1041459215081382
1.225445912802517 -1.4385445890729522 1.4379939030455189 -2.0738935964259846 1.2931530305425754 1.6539855112949828 -1.7423796471802773 2.9784398631728206 -3.1945277308733555 1.10394932691965
1.1901807719648116 -1.4077259299579528 1.4574101299425308 -2.084991334004836 1.290354114215067 1.6341990713500225 -1.7244423472303396 2.987392612930458 -3.200124420817473 1.103341176022842
1.158880309950688 -1.380392779499026 1.4761217902616852 -2.096119584525667 1.287853905029907 1.6140925816287015 -1.7064059545872496 2.9979980484487494 -3.2069683960838673 1.1025114250619767
1.1347165105106605 -1.359244377026683 1.4914564924978815 -2.1055630499970777 1.2859231420342976 1.594473410138783 -1.6889409157015522 3.008749746205612 -3.21394189802045 1.10158094820199
1.1108000980883888 -1.3383576668542472 1.5075893996906902 -2.115724775683227 1.2839952511324193 1.575003067804711 -1.6717452977865725 3.0197860810082764 -3.2210782078087177 1.100580815085254
1.0932505106765482 -1.3229811923392143 1.51953525838222 -2.1234813833905277 1.2826712581979636 1.5586122746276558 -1.6572678129866847 3.029546909385343 -3.2275770844449534 1.0997731028807827
1.0793320602315395 -1.3107359744014677 1.529807362155928 -2.130413651913384 1.281649387473127 1.5377601954165552 -1.6390928013044423 3.040113409991566 -3.234015023284639 1.0986138248727098
1.064921221211791 -1.2980983021548054 1.5400272612447712 -2.1372425238686157 1.2805921878927748 1.5138690484633828 -1.6183680114413008 3.0513921977701273 -3.240561268738455 1.0971190896695204
1.051476980937421 -1.2862988847942423 1.5492996502803085 -2.1434320540552703 1.2795754216329331 1.4908380412883804 -1.598402089663348 3.06196977345473 -3.2466263530867923 1.0956178804822228
1.038395354860403 -1.2748113157978138 1.558343137291844 -2.1494667620715058 1.2785302881753555 1.4696983457747184 -1.5800772473921842 3.07181566774268 -3.2523031445484096 1.0942140866437584
1.0254615997947525 -1.2634528250189754 1.5675193584722265 -2.1556053353633464 1.277454314115504 1.4491414254346109 -1.5622791573469632 3.0815173337515978 -3.257871937155391 1.092790847784755
1.0126060043274647 -1.2521645924459173 1.5768545965584013 -2.1618536319713177 1.2763360528742766 1.4288314316886495 -1.544707488662298 3.0912261786909823 -3.2634217540264427 1.0913036873966888
1.0003029417711224 -1.241342693516019 1.5862092120785791 -2.1681648859992873 1.2751875933575423 1.410973741307204 -1.5292526938503337 3.1002656355800373 -3.26867703464569 1.089908206969756
0.9886029446750998 -1.2310130115940727 1.5958837094121565 -2.1747956959665933 1.273991890476107 1.3929688722841165 -1.513657468083118 3.110033693365916 -3.2744482456365898 1.0883600237828548
0.9817188836102705 -1.2247547083975778 1.6049404421417661 -2.1815405176615807 1.2730169404035965 1.3814463251926348 -1.503568571808893 3.1189731352923165 -3.2803307483296043 1.0870937746566665
0.9737232216110265 -1.2175532671638498 1.6146210186636487 -2.1885828674874666 1.2719133657474673 1.3725933114472104 -1.4957592263034638 3.1276893428856325 -3.286320892693494 1.0859668839698915
0.966425367737231 -1.2109362671376476 1.6244002731407141 -2.1957605581150568 1.2707939143978075 1.3671489735678468 -1.4908288163962191 3.1357291049538096 -3.2922101677221822 1.0850243079427597
0.9591645948027554 -1.2043373801747617 1.6342353729905266 -2.2029723767787237 1.2696314774908684 1.3645653722480868 -1.488309834400832 3.1429647639749154 -3.2978369880090135 1.084237480856551
0.9502559441240206 -1.1963268036030894 1.6444814383497453 -2.2102766916817624 1.2683156893359349 1.362835859701312 -1.486485322333947 3.149860966897568 -3.303317756957268 1.0834392258317536
0.9424086253166788 -1.18923185773212 1.6538122248616802 -2.2169987136769613 1.2671718901260602 1.364459086552374 -1.4875142198920348 3.155008887785274 -3.307879892983723 1.0829692994119753
0.9328569178433763 -1.1806978335250273 1.6633404912617729 -2.2236277920802894 1.2659214866169954 1.3661642779514542 -1.4886134636464545 3.1596973955922905 -3.3121004772103633 1.0825438539521666
0.9226327898604754 -1.1716115329652976 1.6729157553345546 -2.2301462830773175 1.2646064083488209 1.3688551414041836 -1.4905880028044285 3.1636001662534663 -3.3157669211797867 1.082198391688778
0.9158898755852463 -1.165503272380517 1.681058423916139 -2.2359628389240203 1.2635774214399584 1.3662083202226978 -1.4880642445015866 3.1680628619607445 -3.319162057683977 1.0815690864713694
0.906005304319755 -1.1567537643736143 1.6896339195793424 -2.2416757006955055 1.2623830576789028 1.3610249098170308 -1.4833867097448852 3.173264278348766 -3.322780904455181 1.0807063617193358
0.8944411429292053 -1.1466029399089661 1.6981145242927345 -2.2470778928345756 1.261134114994388 1.3511436140403232 -1.4747230918148493 3.1795466466726414 -3.3266364195795135 1.079525312105908
0.8814757433248233 -1.1352741300215805 1.706601658580788 -2.2522919382076187 1.259805396982427 1.3374046313505856 -1.4628104468283494 3.186329488175909 -3.3303736415347474 1.0781479564336218
0.864286766879486 -1.1203710154110256 1.7158860766500361 -2.257588885810072 1.2582490752451239 1.3195087105853034 -1.447391592634731 3.193802252269405 -3.334107692162787 1.0765606985570153
0.8483548190606253 -1.106535013986413 1.7248022498931341 -2.2627476439938246 1.2567298507166447 1.2972833589202306 -1.4283560370632287 3.201740692774084 -3.3376084747330963 1.074818863511397
0.8309403034690824 -1.0914760313257867 1.7335824074070396 -2.2675945165074602 1.2552146596768696 1.2685496763593296 -1.403835680868953 3.211012657888236 -3.3412851772084475 1.072750987307778
0.8122220958220646 -1.075307463782056 1.7427425680924056 -2.2725736634956553 1.2535963533279648 1.2375296001445544 -1.3774278767615245 3.2206998401594897 -3.3449126901202955 1.0705731637409504
0.7911792910537473 -1.0571800059750007 1.7528796846281465 -2.2779553618701978 1.251751336001479 1.2079473634672928 -1.3522644191536326 3.230075248831239 -3.3484325335616045 1.068485752483187
0.7682364313571886 -1.0374648567414377 1.7635252870445037 -2.2834525230251326 1.2497927696673536 1.1793374390626907 -1.327943516766299 3.2391550816131316 -3.351823518344195 1.0664740865833244
0.7441360908415707 -1.0167968780306285 1.7741907043104874 -2.2887998387014554 1.2478165935923649 1.1511786971330331 -1.3040196518335778 3.248081529324532 -3.35513746368383 1.0645049955208266
0.7195841351224058 -0.995760345914191 1.7849257407151602 -2.294126964594015 1.2458113157830732 1.1272586823952648 -1.2837116127367867 3.255722240101541 -3.357963105488833 1.062799932012838
0.6946851356045078 -0.9744541780087087 1.7954029346483358 -2.2991979143682566 1.2438329969714117 1.1068532366992245 -1.2664078088201656 3.262221015473788 -3.3603217534511765 1.0613346679796458
0.6688181082980839 -0.9523628845740891 1.8054842088182221 -2.303834931064663 1.2419024387917519 1.0893203482387102 -1.2515600821105322 3.2678604324255422 -3.3623509137836862 1.0600608247621317
0.6450394188580838 -0.9320774594659699 1.8145463469334975 -2.307919086538376 1.2401516375133061 1.0755332103934514 -1.2398991804489898 3.2724732331920605 -3.3640381232943546 1.0590029489950745
0.6204318975065753 -0.911118748642518 1.8231170474859948 -2.3115223452667557 1.2384515119452215 1.068079087105347 -1.2336167712992356 3.275695355731173 -3.365400677273803 1.058259474046597
0.6004140388198829 -0.8940870920720086 1.8302010701444127 -2.3145025055865673 1.2370426280978644 1.063057130925992 -1.22939444270211 3.2783574000956235 -3.3666305707419233 1.0576404704168316
0.5808413121280473 -0.8774663436462531 1.8364865852746333 -2.3169113847846545 1.2357574890561422 1.0624419575107384 -1.2288973107786323 3.2802855263568733 -3.3678261489468104 1.0571972008345112
0.5651022810008716 -0.8641154996017743 1.8416007279945152 -2.318862437629082 1.2346959006426583 1.0634691103043385 -1.2297817285483674 3.282002213100477 -3.369065315899292 1.0568136595208668
0.5523207833925196 -0.8532824158919704 1.845881542934582 -2.320516074150012 1.2337957505677306 1.0649156957403993 -1.2310161489737175 3.2836272723013007 -3.370296138169072 1.0564538981676312
0.540709103812934 -0.8434488978753588 1.8497031364514323 -2.321952254948829 1.232974714720082 1.0671367739617907 -1.2329050036973574 3.285023235822994 -3.3714533494685464 1.0561442786043251
0.5300672807681273 -0.8344470592300397 1.8530503984687972 -2.3231373531519024 1.2322332799626772 1.0702396118497775 -1.2355387903142594 3.286192342188706 -3.3725500749176835 1.0558863878090616
0.5208160775169781 -0.8266313287641162 1.8558817750168697 -2.3240902397457144 1.2315846645252615 1.073737849535257 -1.2385053942318436 3.287243554466046 -3.373611552641521 1.0556572754252675
0.5132689491125494 -0.8202637536439634 1.858228006292852 -2.3248722067459338 1.2310316934238947 1.07678550623614 -1.2410906223852503 3.288281395866327 -3.3746174256100594 1.0554279752985238
0.5050911862624992 -0.8133718520343337 1.860397422870279 -2.3254442457586824 1.2304945124893847 1.0811244149246544 -1.2447631153735583 3.2891408999592278 -3.375647153049527 1.055247706131115
0.49859379010716204 -0.8079042373659537 1.8621497299122607 -2.3258977558151757 1.2300419752558402 1.0854183719933845 -1.2483944568263972 3.290019478293559 -3.376692609004631 1.0550696817470548
0.49322589777681536 -0.8033926638421105 1.8636408115078194 -2.3262869840604097 1.2296447603813017 1.0893070717242086 -1.2516820896824563 3.290929669445944 -3.377720163996631 1.054886320845408
0.4884784086122467 -0.7994060708377425 1.8649652192079405 -2.3266246999534594 1.2292824989856588 1.0927654085088203 -1.2546057753220912 3.2918538119853955 -3.378712835475549 1.0546992189355313
0.4840821710546908 -0.7957165533080346 1.8661724353027551 -2.3269173794574787 1.2289442657637841 1.0958079408740966 -1.2571783558488119 3.2927780004777762 -3.379661201275673 1.054510050579514
0.47994012525294183 -0.7922419258567155 1.867282732975054 -2.327169337655697 1.2286261255687008 1.0984915974776255 -1.2594480386621303 3.2936930906233397 -3.3805646379237677 1.0543205745596076
0.4759557746758514 -0.788900113322115 1.8683202491261148 -2.327388101077038 1.2283231825845515 1.1008570615414404 -1.2614493432276048 3.2945916976475678 -3.3814219416518307 1.0541321487928337
0.47210724903587853 -0.7856722027592608 1.869298818347832 -2.32758201592193 1.2280333205636653 1.1029508146864742 -1.2632214400388793 3.295470779094168 -3.3822361138632813 1.0539456821195983
0.46833631151582283 -0.7825087563740961 1.8702318688228474 -2.327754636226141 1.2277536845488735 1.1048077356692287 -1.2647938625464918 3.2963265204767174 -3.3830080693036475 1.0537620486945083
0.46462251857631237 -0.7793923573474599 1.8711276448148353 -2.3279098710810384 1.2274827666048393 1.106456527318134 -1.2661907642971406 3.2971585133706376 -3.3837407566110036 1.0535815636819486
0.4609637585768876 -0.7763207628421548 1.871995113226239 -2.3280548027935297 1.227219481554688 1.1079330103388865 -1.2674423318884342 3.297965158102494 -3.3844371038627137 1.0534049570399378
0.457309445834456 -0.7732512383382961 1.8728427673081973 -2.3281897748333753 1.2269615646571443 1.1092580177376647 -1.268566174163644 3.298745772934864 -3.385098848620419 1.0532325071854258
0.45366902074693555 -0.7701914204238384 1.8736758762824872 -2.3283202967182124 1.226708615076636 1.1104539530362072 -1.2695811548289178 3.29950004385868 -3.3857283339463575 1.0530645544992865
0.45002122533510946 -0.7671232024215917 1.8745024573417435 -2.328449889126746 1.226458921123855 1.111529612363329 -1.2704945973225756 3.3002307999863723 -3.386328639239995 1.052900630077388
0.44637531630658617 -0.7640546695606943 1.8753182619016504 -2.3285762197875592 1.2262134217276421 1.1125136462058982 -1.271330748537715 3.3009349003691297 -3.386900680453566 1.0527417178362302
0.44268328705175064 -0.7609444481510452 1.8761431528268424 -2.3287093205194873 1.2259681563337128 1.1134044214931038 -1.2720880785232986 3.3016169517771834 -3.3874476984742343 1.0525868956691893
0.4389758615215272 -0.7578189552294705 1.876967269051349 -2.328844976035699 1.225725304112602 1.1142314582133686 -1.2727916296698325 3.302272708396094 -3.3879698409411536 1.052437356394546
0.4352383454704622 -0.7546653797364188 1.8778003832116783 -2.3289891018122155 1.2254830427714674 1.1149900709082496 -1.273437276859158 3.3029071977840885 -3.388470344797434 1.0522920799195183
0.4314820531153652 -0.7514934623252303 1.8786401099762933 -2.329140976921092 1.2252419147390041 1.1157003049623742 -1.2740419104055833 3.303519749286007 -3.388951060576417 1.052151523316876
0.42768941783345343 -0.7482881218064307 1.879491326818887 -2.329302537172608 1.2250009735989382 1.1163745935942249 -1.2746155967310675 3.3041160758563315 -3.389418193598065 1.052015098113475
0.42384286357947865 -0.7450341482441345 1.8803650064769697 -2.329480098563893 1.2247579971326217 1.1170298547166253 -1.275172142128205 3.3047020880969886 -3.389878681596712 1.0518822941235637
0.41999973928966944 -0.7417803628892642 1.8812477305131996 -2.329670122193482 1.224516351420168 1.1176735374058937 -1.2757183831142982 3.3052685165386606 -3.390325872352674 1.0517546177191637
0.4160869914100148 -0.7384646189586161 1.882155249759527 -2.329876160684879 1.2242720864450531 1.1183101896865735 -1.27625816995562 3.305813154974647 -3.390758737609003 1.0516326131069789
0.4121645484607731 -0.735137840738038 1.8830766895346045 -2.3300968216206304 1.2240280486679749 1.118895751173512 -1.2767541884387734 3.3063425035743235 -3.391177019450547 1.0515143149588657
0.4082132616480444 -0.7317839399769501 1.8840140603635225 -2.3303311637303694 1.2237834662380473 1.119420246812982 -1.277198311947831 3.30685558980727 -3.3915782712902414 1.0513994014311703
0.4042121230577091 -0.7283848372980627 1.8849748702415363 -2.3305827127501044 1.2235368384626597 1.119892968381839 -1.2775985394146674 3.307351564905094 -3.3919625972103185 1.0512879735878689
0.40014990276191376 -0.7249311036387142 1.8859615385304038 -2.3308517667023394 1.2232874244304832 1.1203236125004228 -1.2779631575731605 3.307831288238283 -3.392331427093356 1.0511798180446352
0.3960881393511293 -0.7214751781209164 1.8869615244396942 -2.3311356515495807 1.223038321615544 1.120712370397337 -1.2782922518713422 3.308296889350712 -3.3926864060533335 1.051074557850705
0.39196501591598926 -0.717964254669023 1.8879909610674377 -2.331439771629835 1.2227858650810581 1.1211005882924938 -1.2786209543017673 3.3087420630933555 -3.393027365084927 1.0509739097386614
0.38783828460032604 -0.7144478386865748 1.8890347253093875 -2.3317586724716044 1.222533294331823 1.121464522992241 -1.2789290067535632 3.309173773108209 -3.3933568534553835 1.0508762344590021
0.38367331747557853 -0.7108962529389384 1.8901027253916545 -2.3320961868978216 1.222278494581392 1.1218136992444467 -1.2792244414817402 3.3095916355924664 -3.393675696088342 1.0507817768974383
0.37947286183311874 -0.707311800819473 1.8911965629796903 -2.3324537509038343 1.2220211618805212 1.1221571347991128 -1.2795148533164327 3.3099961143643064 -3.393985254907485 1.0506905805798619
0.37526215081837244 -0.7037161507667357 1.8923088352428274 -2.3328283667988887 1.2217628583885891 1.1225038523025352 -1.2798080024331198 3.310384589506395 -3.394284453471181 1.0506031889159402
0.3710383996364139 -0.7001069375958336 1.8934409008817497 -2.333220664380424 1.2215032498198284 1.1228480094016229 -1.280098851217826 3.3107597610160617 -3.394574702604295 1.0505190455179838
0.36679481318542884 -0.696478239114268 1.8945957704628837 -2.333632340183789 1.2212418065773212 1.1231913509154159 -1.2803888508146064 3.3111222258473725 -3.394856652378647 1.0504380703696716
0.36254949887913773 -0.6928457401768082 1.8957675925510582 -2.334060565457979 1.2209795863835815 1.1235381538131988 -1.2806816736811695 3.311471273933254 -3.3951301613683214 1.0503604055652527
0.3582892590052618 -0.689198119918126 1.8969607055365745 -2.334507197597587 1.2207156515042048 1.1238831222267691 -1.2809728071547715 3.311808711694947 -3.39539595453208 1.0502856211246998
0.3540315530176153 -0.6855502890408247 1.8981709477798558 -2.334970995231642 1.2204509705442244 1.1242361440316688 -1.2812706158942058 3.312133280386041 -3.395654249616419 1.050214120652379
0.349782816951984 -0.6819078880364364 1.8993960461532289 -2.335450664147422 1.2201858695848553 1.1245907621807203 -1.2815696547818227 3.3124463815013105 -3.3959052577411515 1.0501454848459688
0.34552757274857804 -0.6782574664644724 1.9006418534181861 -2.335949295475181 1.2199193131631072 1.1249493705149696 -1.2818719137063685 3.3127484981986406 -3.3961496426465683 1.0500796775302828
0.3412705662079824 -0.6746034852010973 1.9019047812384169 -2.336463973360336 1.219651574918472 1.1253133751525606 -1.2821786362519674 3.3130394331596666 -3.3963872980340932 1.050016687179736
0.3370426389448432 -0.670972091131946 1.903177602606375 -2.3369930189524073 1.2193845932483582 1.1256836532332588 -1.2824905603862427 3.313319035800507 -3.396618236432579 1.0499565643874236
0.3328269013187286 -0.6673489540706077 1.9044651364655663 -2.337537945945907 1.2191171256260933 1.1260684935978185 -1.2828147358857565 3.313586473970557 -3.3968426894451866 1.0498995411393675
0.32878975590502785 -0.6638756640752115 1.905733226326604 -2.338091700495707 1.2188577703829357 1.126632420434062 -1.2832910637496893 3.313808751177106 -3.3970544137705287 1.0498540704600319
0.32489540040669246 -0.6605218757317511 1.9069856115584256 -2.3386528504444715 1.2186051679831267 1.1273953288340592 -1.2839367049238641 3.3139777550756477 -3.3972492304071573 1.049821732997839
0.3214958311634773 -0.6575873492718457 1.9081420516530845 -2.339200288086384 1.218378819550941 1.1287510012426596 -1.2850868109617062 3.3140055359297045 -3.3974053494627054 1.049824351587376
0.318877617783798 -0.6553141683352548 1.9091573560270716 -2.3397342357439346 1.2181920773484465 1.1311180006033705 -1.2870958986062588 3.3138168691706245 -3.397515608807462 1.0498830311667267
0.3164352316487671 -0.6531857965562673 1.9101718574214004 -2.3402927998137044 1.2180104408215144 1.1340955873313554 -1.2896213452593601 3.3135128523146293 -3.397612814074374 1.0499743397775676
0.31355629201054724 -0.6506807770087953 1.91132185704959 -2.340909495262849 1.2177994868431268 1.136944687955297 -1.2920328605609084 3.3132704678605753 -3.3977482369370664 1.0500556438388147
0.3109067574918502 -0.6483729700586721 1.9123562964600387 -2.3414634366515705 1.2176108051438568 1.1400899327828788 -1.294698021906953 3.312902115827113 -3.397822217182688 1.050163861067132
0.3077173831239314 -0.6456009755610036 1.9135393011350088 -2.3420740694699664 1.2173888283583139 1.1427463910348987 -1.2969435379428567 3.3126539832934383 -3.397937505775641 1.0502457350506476
0.3040475607127743 -0.6424168117817248 1.9148485139016496 -2.342729632669174 1.2171375693657256 1.1446822066872109 -1.298572114333751 3.3125861087875244 -3.3981126726748165 1.0502865445786362
0.3000689274223223 -0.638967589507823 1.9162296047186531 -2.3434087717517595 1.2168700113562134 1.1459279734612657 -1.2996103029218786 3.312683272016224 -3.398339700553437 1.0502896730064804
0.2956808931556567 -0.63516590438491 1.9177248605648958 -2.3441354898592057 1.2165795277117515 1.1462999485408263 -1.2998997413135844 3.3130046638821056 -3.3986459256057415 1.05024389169926
