-0.7861809623396391 -0.23500341579908451 0.1934099620270323
-0.7930253544083133 -0.18825267639769463 0.19403837264378232
-0.7979098331993096 -0.14547256461484892 0.19348586177620364
-0.7993882983526216 -0.08468277642848311 0.19113545351060401
-0.8021201858218756 -0.04317112028395415 0.1864201002783118
-0.8065820783141202 -0.007162540011315225 0.17818996064183246
-0.8166712927272463 0.010383500197529693 0.16597423435679504
-0.8313970310495343 0.025709752809327874 0.14825441254893834
-0.8504987473193799 0.04094318618513134 0.12468171845466935
-0.8722530592185772 0.06041385823282773 0.09516691553385281
-0.8968631409416778 0.06611309542131259 0.06703176395688404
-0.9226220283127289 0.06758718621411251 0.03982436555129709
-0.9521585799955364 0.06660491474147849 0.009364528473979838
-0.9942466963495883 0.037704890899434414 -0.018863764187632692
-1.0509924647146585 0.00137921762539302 -0.055287812160084826
-1.1252669244663511 -0.052426054640675866 -0.09584966455352673
-1.1725076063840278 -0.07441329823110318 -0.12722640126137197
-1.1525866124053343 -0.025137646908706335 -0.14133735192184993
-1.0421904093454428 0.10938714605629085 -0.13294962362029183
-0.8395709660242818 0.3271306283625029 -0.10777048769978737
-0.7128537039451067 0.4183428545221707 -0.06336455140552655
-1.6333287968635135 -0.5457037169306995 -0.11862383363517537
-3.4822232659635093 -2.663257828556187 -0.02698334482085185
-4.504728612222708 -3.720514783614569 0.009300399697800055
-6.240843200376937 -5.409638461746497 -0.0266032874198735
-6.706902968334724 -6.051984878175453 0.1735816203027179
-6.5912057934242725 -6.0586093674784784 0.27003454071644756
-6.363055790076234 -5.651995834212706 0.10755886769273315
-5.757959961672405 -5.201302883703557 0.14153826353671817
-3.8935193491124584 -4.017510689150314 0.4574631400904742
-3.33020429195856 -3.6400123162354747 0.5303581979917977
-3.779972763235885 -3.758242519050081 0.27975850627007576
-2.2972023703231184 -3.2312308092869895 0.9512665851502743
-4.653891330284435 -4.03483444533669 0.026225254806782228
-1.29234986500834 -2.192011333954714 0.7927784097923924
-3.621680164692433 -3.4370101472031576 0.27925948783404125
-1.2415088725909487 -2.3736431608379447 0.8726998106150201
-2.8153445745053007 -3.0594431659068344 0.5319708272615992
-0.48135135551525293 -2.267293256342725 1.2085761798108388
-2.648462783279498 -2.988582148091499 0.52855102383988
-1.3572076028334874 -2.271210632025192 0.7439518324462717
-2.0365231493479854 -2.6940251197354876 0.7370721311925466
-3.097653274349343 -3.216625606501 0.5739719971810122
-3.50655699499851 -3.538786857546378 0.5692075195603573
-1.6086560504684468 -3.049397109233801 1.1524565238106308
-2.266304099973305 -3.0031814656215983 0.804451103415624
-3.894580525858425 -3.3345651119743587 0.3561511640300892
-1.3616671478301439 -2.724332305838933 1.0773418097628127
-4.237065830691848 -3.644885302028172 0.5024825790944587
-1.1523011749810628 -2.442639495388957 0.8994386072693952
-4.830781091838537 -3.196757070223731 0.022205902132293925
-4.165770548863742 -3.409328517065911 0.3385535598199001
-4.401659122327691 -2.710103286389761 -0.16434088477239517
-5.259830690759448 -1.638015200587575 -1.1377675606140025
-5.3765880072611445 -1.224928072546472 -1.4486008235318049
-7.781221390496643 -1.3641455138163505 -2.165971106966114
-7.188309602736729 -0.9894495524141372 -2.218503043808145
-5.939272494632476 -0.4213710098276282 -2.182387946038374
-7.00577689622471 -0.5351040438622652 -2.4030249499452463
-5.747040879971352 -0.31363075384328837 -2.1817354162929123
-5.240452683519589 -0.3958240129552538 -2.0227080930151775
-5.805813113539836 -0.5468879341826312 -2.0974669694021038
-4.358736330391286 -0.4869198146228799 -1.778452921030167
-4.435747301627398 -0.7756424143088413 -1.6776271982106596
-4.882882584991601 -1.2948768186630513 -1.594202632702795
-4.627585668159578 -1.8326184003424444 -1.3800213646873618
-4.744906993128302 -2.222509724394438 -1.3061271207117844
-4.783570952282014 -2.6613269498397707 -1.2002373454159647
-4.970889962354596 -3.1718472756015665 -1.1154971329034058
-4.996707854615094 -3.5818442157707935 -1.0295504862707552
-5.227383871119177 -4.016649804149429 -1.0143444281067697
-5.163529306629713 -4.45233308803187 -0.9351922349241903
-5.793273025998104 -5.066586285470724 -0.9841614466865921
-6.1913021910673685 -5.643243457180594 -1.031333299134712
-5.828921041109477 -5.585837035523724 -0.9515526072071595
-5.772148765421281 -5.643105473401017 -0.9348892601404205
-5.425116799393384 -5.319749102849469 -0.8754201106993663
-5.0871859830086645 -5.0030821940691 -0.8256114494853016
-4.137578134814766 -3.8176650692611918 -0.6852543605645911
-3.858468027039565 -3.438647134926511 -0.650867332202525
-4.073807906277102 -3.634059448482206 -0.6817950549775902
-4.074967089602075 -3.675250247842465 -0.6679429436803179
-3.9959833709122226 -3.5267377435608553 -0.6691738943860198
-3.975210674851595 -3.4944816143405446 -0.6707719815639762
-4.200488820736716 -3.8219416131675334 -0.6923603633764599
-4.041424465583726 -3.6696404941013423 -0.6763569255724204
-4.290709531420779 -3.9131664001962196 -0.7147431949005615
-4.26036388639724 -4.008228923365088 -0.7066042838448685
-4.524755338919931 -4.2185854761450114 -0.7524606418386088
-4.355904165929908 -4.007803040466983 -0.7224893151299241
-4.381706440149536 -4.064748858398493 -0.7214572332931564
-4.836148829442537 -4.47442664983353 -0.7993144331112503
-4.821040188297563 -4.381152714702149 -0.7958922260896121
-4.9664869296380125 -4.51914338040376 -0.8278493146082623
-4.4188670041183045 -3.944397177680524 -0.7372327322304834
-4.80132076230357 -4.369033344042276 -0.8078664555063115
-3.922648604045736 -3.4877921009136448 -0.6475636512961225
-4.066996398137564 -3.616442705786698 -0.6738454785091731
-4.188613809832497 -3.7554986133525046 -0.699437858433354
-4.306383680345416 -3.8786510253723026 -0.714023992364824
-4.39446399472626 -3.9566234567237295 -0.7355997616706217
-4.2607905867203435 -3.78023814522363 -0.721729208306642
-3.9492803516591755 -3.4681484234255295 -0.6721296603258993
-4.42238946947147 -3.9633115622418065 -0.7402589556362226
-4.441073311368061 -3.98207559057443 -0.7412390023801081
-4.389172473725726 -3.9339348996033263 -0.7389082659728361
-4.476336080746263 -4.083394444690066 -0.7471960592378744
-4.142280795226257 -3.7657129276730053 -0.6883098659729012
-4.071530773191549 -3.674613043309078 -0.6833672382966017
-4.7919547112385406 -4.444428208131643 -0.7977057447045701
-4.448566802664968 -4.09949094624029 -0.7245086176630529
-4.198044417288177 -3.823002300237115 -0.6805539640591619
-3.8487782745774584 -3.450531113773519 -0.6233888452234607
-3.9367454386373644 -3.5071634815255237 -0.6590942118311087
-4.179689459844693 -3.7581698660641227 -0.7070817544264115
-4.697522902862021 -4.324709879929494 -0.7879486762579261
-3.756204093657491 -3.2979808043246392 -0.6287440373636085
-4.107120400464151 -3.669310703232056 -0.6873850067330185
-4.757258176736101 -4.3383802600951515 -0.7982903616177515
-4.799280078667427 -4.3789006165086315 -0.8163999117874585
-4.360303228782443 -3.9223889868372956 -0.7336088954672757
-3.877964655432174 -3.4200180982100705 -0.6591198000860005
-3.873454877949343 -3.4475993123064077 -0.6420709622903119
-4.16881981912157 -3.78089534212331 -0.6865334034816352
-3.905298604641163 -3.5450874807574997 -0.6381300070668212
-4.420666495271026 -4.086931767859168 -0.7191254520492129
-5.017449941295428 -4.741534656855409 -0.8266307983630163
-4.384347114040579 -4.0326112326550705 -0.7334426351646681
-4.381894498162824 -4.034316726146643 -0.727489619285748
-4.836356059470476 -4.528671084462886 -0.8011549653121609
-4.592913718981471 -4.261145164523953 -0.7604896602853025
-4.822061234096444 -4.438699381291047 -0.7990945480121417
-4.204612863320524 -3.819529406832333 -0.6901072814370895
-4.022582304488577 -3.6158853977194503 -0.6640461368218237
-4.3077063986750375 -3.925269423070311 -0.7108591671884118
-4.477451171919526 -4.127664118067207 -0.7328976448273248
-4.337871093605583 -3.960577098480683 -0.7142524097219146
-4.61272458660522 -4.276021611049989 -0.7553133731367833
-4.209788411754091 -3.8400967707238376 -0.6881154070498502
-4.054055894079475 -3.6341547534453613 -0.6658566575634615
-3.9305277987547207 -3.494823240462155 -0.6440409334229891
-3.936818956009756 -3.5307636742996515 -0.648088557220012
-3.9285771214987757 -3.5335474628759744 -0.6494292809712985
-3.9968089488517586 -3.635666962208433 -0.6572893980667207
-4.194146094246219 -3.8138999227939157 -0.68912634791231
-4.084700922188323 -3.7095731156961684 -0.672527887264967
-4.270908882966065 -3.900270377454657 -0.7048063430179294
-4.475024501751751 -4.1082091104483265 -0.7442436627171629
-5.046962531749998 -4.691795918156837 -0.8404439945807601
-4.434121248341881 -4.042561747830291 -0.7316986939751792
-3.900273636232544 -3.4353056121831163 -0.6544677761856755
-3.9356573274370987 -3.5055175557273253 -0.6484140561742849
-4.374026271853214 -3.9401927731584965 -0.7184719448388666
-4.586042785802774 -4.165163568629819 -0.757972496427312
-4.594385186915322 -4.201358294008303 -0.7501381309190961
-4.763399748102734 -4.358149351057103 -0.7914142093527756
-4.524917064604234 -4.099034060054598 -0.7524184180884291
-3.922581624392888 -3.4701675156490475 -0.6480483360422367
-4.595802119427156 -4.1584858896832175 -0.7613101110666424
-4.314566824796209 -3.925758662806327 -0.7053725421823049
-4.107187967684983 -3.6966496707446037 -0.6781340338058178
-4.385107630113349 -4.0066590444989485 -0.7269579139842817
-3.8741051135240454 -3.4636280677078326 -0.6536089962719389
-4.25910369174106 -3.913443616043888 -0.7058092556759356
-4.043658474591718 -3.6010546646557353 -0.6802683420193373
-4.049451527998933 -3.5813986376653846 -0.6812961851449234
-3.7195392384973025 -3.264858111332072 -0.6250142105941884
-3.890508051736712 -3.409045399866231 -0.659263543990554
-4.036413283742741 -3.5692810294056296 -0.683665986561802
-4.018751513736744 -3.6374004428759594 -0.6662586361753259
-3.9911255975860875 -3.5867930780710426 -0.662687046612315
-3.7326115845338563 -3.326739802074883 -0.6109134325243404
-4.12522301039166 -3.7836009912386017 -0.6781885761664886
-4.059401588868969 -3.688070564258709 -0.6611355458914853
-4.242334477055645 -3.8833835609812644 -0.6980712637316671
-4.420617165962996 -4.02023537226656 -0.7294884452963327
-4.2706118610734105 -3.8549915261627867 -0.6993049739990193
-3.9932873803541824 -3.5578771097040494 -0.6619058428134788
-4.643989156473391 -4.2482954533594155 -0.7785195627950963
-4.176558141483538 -3.731134335088701 -0.6920548452535676
-4.018388150088986 -3.584607890025902 -0.6620961144778799
-4.445804069494633 -4.0526806411359 -0.7389171769269058
-4.001006240086511 -3.566615840438789 -0.6691434480156129
-4.06034335637294 -3.6471079801054085 -0.6807040301037062
-3.9621915394523874 -3.5433985436312825 -0.6755560307883264
-3.9927766393354474 -3.590700589273493 -0.6741634039430292
-3.6825377796270584 -3.221637962528736 -0.62705621010308
-3.9863064887034163 -3.528366509538905 -0.6835189696479917
-4.1816629997189505 -3.7487099177231897 -0.7090761749180667
-3.854488506133832 -3.3997806092666596 -0.6439565679859209
-4.339406853608772 -3.954849084761537 -0.7204351405210273
-4.65998478761169 -4.3220439460254 -0.7803475654823694
-4.1502387878200295 -3.7737595558811785 -0.6840935317106329
-4.0503623350051825 -3.699781461387678 -0.6604209567775043
-4.263880273922354 -3.9157751024977006 -0.7059074982441238
-4.521005671886897 -4.224131011753066 -0.7482549768754598
-4.299763402649513 -3.9409217867053843 -0.7047571324065567
-4.191470153748426 -3.829562209191648 -0.684652468454373
-4.291541295349328 -3.9132792660225815 -0.6989775886452632
-3.8902999412336694 -3.440114362045487 -0.6369795820838268
-4.103398024205653 -3.6923367199725416 -0.6729706238298399
-4.314040474195285 -3.9251720877405134 -0.6988078414313358
-4.338051967594171 -3.9324989430799824 -0.7052433264541355
-4.295560405806186 -3.933953150647093 -0.6993856536713859
-4.439169615068587 -4.1060371992382825 -0.7336604920492249
-4.54819578893503 -4.189043372148481 -0.743416038957618
-4.053317798023132 -3.689549746680435 -0.6622479789327985
-4.327125331215146 -3.973158812239098 -0.7112832866275739
-4.371100124581413 -3.990923667103801 -0.7241757427988786
-4.268308507437211 -3.846537579602535 -0.7160125280511281
-4.199935895316615 -3.779433208843254 -0.7040633265703122
-4.502646089252441 -4.13285495244316 -0.7569127355917962
-4.59149980887828 -4.2442541089523775 -0.7656825475242655
-4.555309009225357 -4.1819118123221335 -0.7607157900023337
-4.2399824284145 -3.832241038380307 -0.7085835869037975
-5.042880575752209 -4.738867610969736 -0.8452201713739839
-4.282074654486106 -3.8908087965880465 -0.7076217522694981
-4.758917566557308 -4.374150969636295 -0.7911494529741846
-4.40768403903115 -3.9854358603303144 -0.7387125184866337
-4.086465234844477 -3.6462866628344566 -0.6824731157064424
-4.44194501385841 -4.021840886014756 -0.7303966582821955
-4.191454237073421 -3.7534865070215093 -0.6864226552971839
-4.346008169343255 -3.9350258424046083 -0.7183067328608318
-3.868626438751644 -3.462208351427774 -0.6420610327890882
-4.785606587942697 -4.452892490524913 -0.7910138242069295
-4.720657196249978 -4.367491460585995 -0.7741451166439919
-4.299544802895696 -3.8599860578327805 -0.7039343720997354
-4.2182195160720655 -3.7812348001696128 -0.6921677932504227
-4.20073354660408 -3.7581779169159093 -0.6989230252006693
-3.8193895872677763 -3.366766660557897 -0.639643895697728
-4.624283781892736 -4.253241901082242 -0.7852137850396044
-4.439834949783814 -4.074892236306369 -0.7417169116013875
-4.204513478396959 -3.826113265226157 -0.6952089916180327
-4.183578061003968 -3.7639909189266 -0.6977565671268449
-4.022711131157019 -3.6206511606006635 -0.6635083764377674
-4.016279387635212 -3.6042047746519574 -0.6675975425737285
-4.465878238443806 -4.104225395730688 -0.7369062804938723
-4.679907928401942 -4.306740355587144 -0.7802015262981301
-4.793535420902038 -4.40611664142954 -0.7983860957831515
-4.8124620949942125 -4.413132004195068 -0.7962563640749843
-4.352714295692056 -3.941165181647077 -0.7192841240024495
-4.435219362553496 -4.052994371825181 -0.7285800179296308
-4.7691095728070705 -4.380355404529912 -0.7828699479601636
-4.157449408973853 -3.713404537059841 -0.6953873946950494
-4.819291790932222 -4.4490980734300765 -0.7977227005517266
-4.406728910065503 -3.992124607765689 -0.7339317130863828
-4.347449641517546 -3.865623166122411 -0.7316341479864701
-4.468214169569227 -4.0658391503012625 -0.7391751549758618
-4.160564737717555 -3.742874739214824 -0.6922356953772931
-4.1429326762817835 -3.699376470832082 -0.6904276178123743
-4.2818048940309765 -3.874740326382942 -0.7108930962111263
-4.6486307971292 -4.255289575689198 -0.7755539822237132
-4.6052589392800245 -4.208550120464726 -0.7721074672715197
-4.655519703574409 -4.2198656520720945 -0.7815660335214878
-4.402671263258619 -3.972701476214058 -0.741579290027966
-4.457805394293006 -4.019475226628644 -0.7447031163395275
-4.451149959867692 -4.0455485870012655 -0.7424774857164136
-4.5057360540248474 -4.105770120107961 -0.7526568141810323
-4.899336492095965 -4.494472887018402 -0.826167112213732
-5.176942310418721 -4.725650658934493 -0.8728894165040959
-4.44084286527932 -4.0307675442718605 -0.7347468562723383
-4.404548422747039 -4.021087499967605 -0.7294360766799753
-4.16680354859507 -3.7388564581760226 -0.6983177182409466
-4.514332468340413 -4.143463968713984 -0.7562023286306684
-4.35372209911514 -3.9600228604185084 -0.7301652472003466
-4.389244116369034 -3.966894514587434 -0.7394104724208931
-4.5771824226158655 -4.207697265964801 -0.7737096605571061
-4.696413091024464 -4.297996012673472 -0.8034320916666432
-4.776760057690169 -4.437874865268873 -0.8113834211596196
-4.503611197780052 -4.135598043283053 -0.7555518116468933
-4.753821210934182 -4.395915984256288 -0.8107996825255169
-4.322534947648723 -3.94292242642041 -0.7210217314252643
-4.23721831273896 -3.8593931426141466 -0.7135190825670884
-4.430035296129935 -4.038953180737537 -0.7425917084285792
-4.617322857336874 -4.284957426538843 -0.7739758565443655
-4.912837909399841 -4.583000359223262 -0.8308350550936168
-4.38586918527817 -4.028476545926328 -0.7207126487867622
-4.777180587286834 -4.43462675080538 -0.8033276753956456
-4.620631034017513 -4.252951371972494 -0.7691567273219806
-4.04621262805166 -3.6288434210713136 -0.668539036455353
-3.9151949292932353 -3.4836378486771813 -0.643848277852236
-4.120856958092832 -3.697185762539858 -0.691866321579363
-4.043463524684591 -3.6260880776374558 -0.670162109875815
-4.395068907907875 -4.035633173763047 -0.7318267781775124
-4.024633668082364 -3.644249029355818 -0.6567400371396941
-4.181426083174245 -3.7925940944158247 -0.6932841746072882
-4.3740932342979395 -3.9870209852337357 -0.7210172574898107
-4.321583962081085 -3.8892565389993807 -0.7198116174024531
-4.34308712432522 -3.9341231263303005 -0.7187435995191551
-4.053541783169953 -3.600484540996687 -0.6766069153325768
-4.283417394092557 -3.837814001297331 -0.7101723551453091
-4.448360352600809 -4.011207410366487 -0.7465125820933377
-4.707029694700363 -4.273555720930335 -0.7872358296021844
-4.24537877342014 -3.7604616280361713 -0.71378964006366
-4.184329636254746 -3.752543546177797 -0.6923649898122902
-4.147449219860201 -3.760085058385741 -0.6854723275756205
-3.977042178147308 -3.5383356445766863 -0.6639657465723313
-3.706407851702148 -3.233175542858926 -0.6333734974366079
-4.225476469643087 -3.858725023869643 -0.7059875311464675
-4.027984120162217 -3.6413451219025146 -0.6665495470051019
