0.0 0.0 0.0 0.0
0.0 0.0 0.0 0.0 0.0
0.0 0.0 0.0
0.0 0.0 0.0 0.0 0.0
0.0 0.0 0.0 0.0
0.525479 0.519884 0.512235 0.512195 0.506193 0.5008 0.495742 0.486346 0.481823 0.481545 0.48776 0.489581 0.480301 0.472112 0.471555 0.470361 0.457766 0.457651 0.456946 0.448608 0.441494 0.437364 0.433108 0.427622 0.408848 0.403998 0.401412 0.400977 0.399945 0.396492 0.395954 0.39611 0.392795 0.389344 0.3895 0.390312 0.387018 0.388185 0.374194 0.371477 0.368509 0.370989 0.369836 0.362162 0.36125 0.36135 0.35878 0.353586 0.348564 0.346213 0.345827 0.346723 0.331401 0.329361 0.319819 0.31898 0.316234 0.30988 0.306562 0.309706 0.305124 0.300188 0.297391 0.283625 0.280114 0.275099 0.267889 0.255778 0.246053 0.247475 0.242854 0.233773 0.222224 0.219638 0.21747 0.216685 0.217706 0.210454 0.209954 0.206134 0.202664 0.201775 0.200586 0.199348 0.194491 0.186544 0.188137 0.18156 0.183794 0.181297 0.176882 0.185413 0.182747 0.18046 0.178494 0.171683 0.172714 0.172528 0.167362 0.167852 0.164973 0.159062 0.152139 0.14687 0.146424 0.142623 0.134461 0.135761 0.132706 0.127669 0.125627 0.118932 0.119633 0.117184 0.116213 0.11069 0.107771 0.103235 0.104433 0.102488 0.0907842 0.088468 0.0843722 0.0842653 0.0819953 0.0820956 0.0812815 0.0785314 0.071928 0.0719563 0.0709402 0.0687937 0.0656787 0.0622667 0.059827 0.0592653 0.0555607 0.0500276 0.0493633 0.0494558 0.049995 0.0462007 0.0468719 0.0452089 0.0422605 0.0372317 0.0351004 0.0297587 0.0260194 0.0239396 0.0238871 0.0233783 0.0246795 0.025277 0.0239135 0.0201673 0.0165143 0.0151454 0.0151235 0.0151803 0.0152727 0.015027 0.0150847 0.013854 0.0117223 0.0123495 0.0135585 0.0114232 0.00985316 0.00785036 0.00712792 0.00457362 0.00403923 0.00175679 0.00313028 0.00359718 0.00385715 0.0019975 0.000297038 0.000462436 0.0011902 0.00162791 0.00151783 0.00074625 0.000469964 0.000353734 0.00035238 0.0013722 0.00140535 0.000994882 0.000459851 0.000593008 0.00241101 0.00208231 0.00216727 0.0028825 0.00243849 0.00601429 0.0048626 0.00426446 0.00467388 0.00567424 0.00534253 0.00542698 0.00496761 0.00424508 0.00519969 0.00630224 0.00777849 0.00849004 0.00697631 0.00648259 0.00667827 0.00662926 0.00335357 0.0041952 0.00449256 0.00478115 0.00480509 0.00332677 0.00298342 0.00230001 0.00296618 0.00380386 0.00351017 0.00359468 0.00577315 0.0041104 0.00373236 0.00149148 0.00182534 0.00119334 0.00157348 0.000662725 0.00137358 0.000643344 0.0011257 0.000221347 0.000761719 0.00105027 0.000137497 0.0 0.00030201 0.0 2.43373e-05 0.000151232 0.000199829 0.0 0.0 0.0
0.0 0.0 0.0 0.0 0.0
0.0 0.0 0.0 0.0 0.0 0.0 0.0
0.0 0.0 0.0
0.0 0.0 0.0 0.0
0.0 0.0 0.0 0.0 0.0
0.0 0.0 0.0 0.0
4.82089 0.0 0.0 0.0 0.0
0.0 0.0 0.0
0.0 0.0 0.0 0.0 0.0
0.966103 0.60624 0.274514 0.101495 0.0548385 0.00474694 0.00205046 0.0 0.0 0.000469326 0.00167601 0.0 0.0
0.0 0.0 0.0
0.0 0.0 0.0 0.0 0.0
0.0 0.0 0.0
0.0 0.0 0.0
0.0 0.0 0.0
0.0 0.0 0.0 0.0 0.0
0.0 0.0 0.0 0.0 0.0
0.0 0.0 0.0
0.0 0.0 0.0
0.0 0.0 0.0
0.0 0.0 0.0 0.0 0.0 0.0
0.0 0.0 0.0
0.0 0.0 0.0
0.200222 0.200223 0.189451 0.182642 0.1809 0.174517 0.171149 0.161897 0.155383 0.150896 0.14064 0.133824 0.125647 0.118831 0.112392 0.103385 0.0971857 0.0924275 0.0915593 0.081699 0.0768822 0.0737658 0.0706863 0.067643 0.0644064 0.0602375 0.0528327 0.0456625 0.0386757 0.0352957 0.0343766 0.0291695 0.0245222 0.0187787 0.0170851 0.0141652 0.0128812 0.0122593 0.0124124 0.00854634 0.00771428 0.00795766 0.00641309 0.00633877 0.00593037 0.00567816 0.00505073 0.00449003 0.00352588 0.00303524 0.00236999 0.00198209 0.00193996 0.0013054 0.00104725 0.00101126 0.000769249 0.00136052 0.00147568 0.000207292 0.0 0.0 0.0
0.0 0.0 0.0 0.0
0.0 0.0 0.0
0.0 0.0 0.0 0.0
0.0 0.0 0.0 0.0 0.0
0.779469 0.776742 0.774733 0.768349 0.761975 0.754969 0.752947 0.748676 0.7419 0.737697 0.733306 0.731604 0.729963 0.72338 0.718791 0.710589 0.701677 0.695716 0.689207 0.681948 0.672382 0.667758 0.662756 0.659426 0.655806 0.652077 0.644715 0.643072 0.636732 0.629366 0.622707 0.620834 0.614495 0.608868 0.606466 0.600865 0.596841 0.591255 0.587758 0.581811 0.576734 0.57078 0.566503 0.561412 0.557784 0.555092 0.552955 0.549597 0.544579 0.540257 0.535355 0.531184 0.529354 0.524182 0.51885 0.51261 0.509621 0.506176 0.499992 0.495797 0.486536 0.483102 0.477955 0.475883 0.472253 0.467717 0.464215 0.462093 0.459862 0.456782 0.450215 0.448219 0.442845 0.439294 0.43481 0.432419 0.428139 0.422759 0.418111 0.413308 0.409412 0.404211 0.401396 0.400125 0.395776 0.393166 0.386364 0.384378 0.38105 0.377974 0.3754 0.371368 0.370844 0.36695 0.365382 0.364739 0.363626 0.36266 0.358197 0.357601 0.355819 0.353318 0.349945 0.345088 0.341488 0.336333 0.331785 0.329714 0.326077 0.324744 0.321253 0.316567 0.31195 0.310946 0.306668 0.305048 0.303227 0.297861 0.291645 0.286411 0.28174 0.278149 0.276824 0.273908 0.271412 0.266703 0.265179 0.261584 0.258222 0.257531 0.25285 0.248896 0.244441 0.241228 0.239283 0.235421 0.231344 0.227203 0.222158 0.219311 0.216602 0.21438 0.212414 0.211216 0.207556 0.204897 0.202027 0.200516 0.196955 0.191351 0.189186 0.187022 0.183679 0.181119 0.17779 0.174438 0.172902 0.171653 0.171202 0.170564 0.167242 0.164237 0.160911 0.159345 0.158067 0.156687 0.153639 0.150987 0.149325 0.147048 0.145404 0.143522 0.141456 0.140286 0.137952 0.135777 0.133199 0.13115 0.128265 0.126967 0.125582 0.123347 0.122307 0.120298 0.119137 0.117179 0.114929 0.112449 0.109732 0.108611 0.106902 0.10475 0.103944 0.101984 0.10057 0.0985322 0.0975132 0.0949537 0.0928002 0.0895554 0.0874075 0.0845857 0.0836501 0.0822519 0.0797565 0.0791867 0.0774864 0.0741481 0.07275 0.0713856 0.0699531 0.0683062 0.0659142 0.0651236 0.0635012 0.0635242 0.0616408 0.0598096 0.0572859 0.0569252 0.056301 0.0553303 0.0523845 0.0503541 0.0476958 0.0469401 0.0462365 0.0448845 0.0440513 0.0420704 0.0411309 0.0398126 0.0374144 0.0358188 0.0346113 0.033396 0.0335295 0.0324175 0.0321398 0.030947 0.0311689 0.0305073 0.0302993 0.0292195 0.0287629 0.0282246 0.026881 0.0259744 0.0252352 0.0251081 0.0248099 0.0235286 0.0233577 0.0233486 0.02282 0.0226105 0.0218511 0.0211559 0.0199813 0.0198322 0.0193706 0.019354 0.0188929 0.0180016 0.0166224 0.0156791 0.0153276 0.0147515 0.0142369 0.0133929 0.0131559 0.0124223 0.0115251 0.0110973 0.0102361 0.0102903 0.00894524 0.0085486 0.00786278 0.00749169 0.00688362 0.0058254 0.00492225 0.00398078 0.00362166 0.0027317 0.00283848 0.00203612 0.00146977 0.000367358 0.0 0.0 0.0 0.0 0.0 0.0
3.98674 3.97704 3.96344 3.95495 3.93686 3.92598 3.91756 3.9049 3.88674 3.87905 3.87253 3.86112 3.84719 3.83885 3.8225 3.81573 3.80012 3.78254 3.7738 3.76357 3.73889 3.72612 3.71844 3.70811 3.69574 3.69107 3.66993 3.65878 3.63819 3.62172 3.61253 3.60403 3.59973 3.58749 3.57794 3.56702 3.55349 3.53614 3.52227 3.51226 3.50354 3.49414 3.48708 3.47514 3.46812 3.46253 3.45363 3.44128 3.43485 3.42801 3.42312 3.41215 3.4094 3.39543 3.38329 3.3725 3.36736 3.35567 3.34389 3.33472 3.31661 3.30136 3.29395 3.28493 3.27351 3.26436 3.25912 3.25319 3.23737 3.23339 3.22627 3.22138 3.21022 3.20504 3.20022 3.18819 3.17599 3.16879 3.15093 3.14333 3.13536 3.12524 3.11635 3.10346 3.09518 3.09169 3.08342 3.07944 3.07336 3.05751 3.04607 3.03616 3.02884 3.02108 3.0166 3.0068 2.99982 2.98929 2.97887 2.97494 2.97318 2.96437 2.95877 2.94737 2.93952 2.92314 2.91138 2.90699 2.89107 2.88533 2.87832 2.86459 2.85375 2.84235 2.83082 2.82628 2.82215 2.81653 2.80886 2.80248 2.79006 2.78217 2.77853 2.77374 2.76959 2.76111 2.75559 2.74641 2.74131 2.73356 2.72602 2.71661 2.70846 2.703 2.69987 2.69166 2.67854 2.66987 2.66218 2.6542 2.64565 2.63863 2.62989 2.62617 2.61647 2.60762 2.59912 2.59267 2.58597 2.57062 2.56526 2.55208 2.54297 2.53462 2.53006 2.51854 2.50854 2.50624 2.50292 2.49856 2.49082 2.47944 2.47016 2.46216 2.4572 2.45643 2.44739 2.44181 2.43451 2.42471 2.42111 2.41436 2.40424 2.39866 2.39492 2.39079 2.38508 2.38061 2.36957 2.367 2.35636 2.34614 2.33898 2.33544 2.32985 2.32675 2.31692 2.31197 2.30405 2.29025 2.27839 2.26969 2.25696 2.25571 2.24326 2.23544 2.22465 2.20968 2.20266 2.18961 2.18206 2.16709 2.1588 2.14808 2.13789 2.13518 2.13018 2.12093 2.11386 2.10498 2.09811 2.09531 2.08612 2.08361 2.07844 2.07673 2.06862 2.0589 2.04693 2.0455 2.03863 2.03409 2.02353 2.01208 1.99778 1.9917 1.98614 1.97706 1.97048 1.9621 1.95804 1.95363 1.9425 1.93505 1.9289 1.92039 1.91309 1.90629 1.90033 1.8894 1.88179 1.87543 1.8713 1.86663 1.8605 1.85597 1.85314 1.84608 1.83858 1.82976 1.82511 1.81633 1.80722 1.80561 1.79501 1.78769 1.78362 1.77381 1.76912 1.76192 1.76011 1.75381 1.74885 1.74344 1.73607 1.73099 1.7219 1.71469 1.70464 1.69367 1.68934 1.68481 1.677 1.67335 1.66382 1.65958 1.65474 1.64496 1.63839 1.63325 1.6268 1.62112 1.61634 1.60914 1.60099 1.59878 1.59263 1.58488 1.5767 1.5727 1.56397 1.56088 1.55532 1.55067 1.54391 1.53909 1.53192 1.52713 1.52157 1.51354 1.51114 1.50737 1.49806 1.49211 1.4857 1.48109 1.47684 1.47269 1.46885 1.45971 1.45571 1.45188 1.43822 1.43417 1.42567 1.42057 1.42009 1.41652 1.41123 1.40525 1.39943 1.39735 1.39192 1.38581 1.37922 1.37624 1.37244 1.36387 1.35941 1.35673 1.35292 1.34652 1.33072 1.32386 1.31904 1.31311 1.30821 1.30553 1.30216 1.29828 1.29159 1.29007 1.2836 1.28229 1.27637 1.27224 1.26749 1.26387 1.25838 1.25609 1.25242 1.24661 1.23868 1.23343 1.22669 1.22219 1.22098 1.21567 1.20836 1.20602 1.2022 1.19381 1.18572 1.18166 1.17349 1.17255 1.1676 1.16237 1.15909 1.155 1.14424 1.13858 1.13357 1.1276 1.11956 1.1158 1.11267 1.10671 1.10348 1.10003 1.09342 1.08574 1.08324 1.07956 1.07631 1.07464 1.07005 1.06613 1.06273 1.06048 1.05643 1.05341 1.04598 1.04198 1.03561 1.0307 1.02736 1.02326 1.01846 1.01471 1.01234 1.0056 0.998803 0.994907 0.991982 0.990562 0.98377 0.97775 0.977389 0.972945 0.968982 0.963523 0.956539 0.951184 0.950574 0.945261 0.94284 0.941074 0.932707 0.929039 0.926034 0.919921 0.916605 0.912359 0.908005 0.899812 0.897108 0.893449 0.888305 0.883838 0.875842 0.869887 0.865693 0.862439 0.858266 0.854505 0.849855 0.84405 0.841165 0.834556 0.830771 0.828304 0.825733 0.822232 0.819804 0.816806 0.814655 0.809569 0.807088 0.80453 0.800672 0.797461 0.794374 0.789157 0.785998 0.784136 0.779565 0.775444 0.769559 0.765718 0.758249 0.75668 0.752317 0.749764 0.747036 0.742148 0.736289 0.733822 0.729877 0.72898 0.725029 0.721099 0.71679 0.712397 0.708558 0.705917 0.704732 0.701704 0.695385 0.692245 0.690071 0.688305 0.68408 0.68032 0.67849 0.676483 0.672831 0.67192 0.667946 0.664414 0.660634 0.656098 0.653517 0.652687 0.649614 0.645687 0.644594 0.638961 0.637183 0.634734 0.633067 0.62903 0.623858 0.621271 0.615814 0.611974 0.608394 0.604679 0.602125 0.598311 0.593126 0.589568 0.587144 0.583424 0.581194 0.578492 0.57708 0.572857 0.567105 0.564695 0.560888 0.55772 0.554919 0.552649 0.550357 0.548651 0.546224 0.544017 0.540496 0.540237 0.535421 0.533303 0.528155 0.525508 0.524044 0.521463 0.518416 0.516185 0.513959 0.511992 0.50695 0.504551 0.501529 0.497831 0.495137 0.491159 0.489063 0.484652 0.48104 0.478244 0.477072 0.474756 0.471126 0.467187 0.464462 0.461806 0.459277 0.454524 0.449628 0.447467 0.445238 0.443089 0.439372 0.435852 0.432616 0.429831 0.427096 0.424424 0.423058 0.419007 0.414769 0.412223 0.408433 0.40416 0.400607 0.397437 0.395645 0.394783 0.392795 0.391424 0.388618 0.385865 0.384262 0.382964 0.382236 0.379325 0.376862 0.375203 0.370921 0.369781 0.369015 0.36732 0.364054 0.361937 0.357574 0.355838 0.353153 0.351955 0.347746 0.346483 0.34457 0.343765 0.342357 0.33755 0.336454 0.334566 0.329448 0.327149 0.325943 0.323443 0.320824 0.319279 0.316822 0.314205 0.310786 0.308713 0.3071 0.303594 0.301461 0.299454 0.294671 0.292036 0.291751 0.28979 0.28822 0.287921 0.285271 0.284097 0.281208 0.280342 0.278591 0.275516 0.274728 0.273577 0.271473 0.269635 0.267253 0.264474 0.263496 0.26264 0.260467 0.258917 0.255825 0.254659 0.25338 0.251924 0.250662 0.248905 0.247744 0.246705 0.245477 0.244713 0.242789 0.240505 0.240053 0.239272 0.237972 0.235568 0.233554 0.232386 0.232017 0.230398 0.229471 0.228107 0.226928 0.225821 0.225199 0.22401 0.223023 0.220638 0.218826 0.215569 0.21329 0.211895 0.210626 0.208067 0.207026 0.20548 0.203169 0.202 0.199369 0.197114 0.196504 0.194571 0.192566 0.189854 0.188996 0.187309 0.186791 0.185171 0.183932 0.181923 0.179172 0.178064 0.176235 0.17559 0.175031 0.173419 0.172226 0.170275 0.168571 0.168043 0.166159 0.163944 0.163202 0.162396 0.161188 0.159747 0.158394 0.157465 0.156426 0.155272 0.153141 0.151459 0.14958 0.146733 0.14503 0.143882 0.141342 0.13875 0.136271 0.134567 0.133199 0.130367 0.12746 0.125343 0.122271 0.120267 0.118153 0.116745 0.114812 0.111402 0.109711 0.109043 0.107629 0.106731 0.105889 0.105616 0.10458 0.103258 0.10302 0.101952 0.101433 0.0996407 0.0990733 0.0970979 0.0957979 0.0953129 0.0940729 0.0930065 0.0920861 0.0911492 0.0897163 0.0886041 0.0878575 0.0868451 0.0856757 0.0850235 0.0839527 0.0831252 0.0812429 0.0800821 0.0787029 0.077398 0.0752001 0.073827 0.0732902 0.0722962 0.0713443 0.070668 0.0700206 0.0679672 0.0673731 0.0653678 0.0642714 0.0628201 0.0613256 0.0599382 0.0591131 0.0580591 0.0570178 0.0558073 0.0539159 0.0533665 0.0523836 0.0511424 0.050333 0.0493288 0.0477183 0.0465929 0.0456432 0.0441221 0.0435157 0.0431814 0.0431449 0.0422101 0.0411523 0.0404614 0.0402401 0.0397111 0.0390754 0.0388245 0.0382097 0.0378633 0.0373619 0.0370389 0.0365817 0.0361344 0.035957 0.035463 0.0355087 0.035282 0.0347551 0.0346809 0.03394 0.0334914 0.0332443 0.0331309 0.0329727 0.0323623 0.0320858 0.031816 0.0309643 0.0309119 0.0309384 0.0299133 0.0292643 0.0284501 0.0277318 0.0272991 0.0269923 0.0264432 0.0261931 0.0254388 0.0252219 0.0246468 0.0240124 0.0240626 0.0236449 0.0230501 0.022059 0.0219895 0.0218682 0.0217641 0.0215786 0.020587 0.0201278 0.0195285 0.0190229 0.0181394 0.0169597 0.016669 0.0162413 0.0159912 0.0156999 0.0153749 0.0150308 0.014451 0.0138085 0.0133044 0.0127199 0.0124959 0.0120274 0.0117843 0.01132 0.0111437 0.0107271 0.0107884 0.00981758 0.00963904 0.00941355 0.00909005 0.00890736 0.00889764 0.00897966 0.00794331 0.00656148 0.00642675 0.0058592 0.00503755 0.00449506 0.00453117 0.00416611 0.00407047 0.0039865 0.00337072 0.00291027 0.00238918 0.00234005 0.0022132 0.0023707 0.00125665 0.00132676 0.000576976 1.40633e-05 0.0 0.0 0.0 0.0 0.0
0.219291 0.084817 0.134426 0.0933193 0.0414381 0.0397137 0.0340461 0.0236776 0.0105689 0.0147022 0.0103752 0.0 0.0 0.0
0.0 0.0 0.0 0.0 0.0 0.0
0.0 0.0 0.0
22.5234 22.3973 22.1594 21.9929 21.779 21.6658 21.3387 21.1833 20.9266 20.7955 20.6103 20.3891 20.1561 19.9232 19.7057 19.6175 19.4575 19.2643 19.1004 18.9821 18.5489 18.3885 18.3518 18.2475 18.0807 17.932 17.6942 17.4767 17.2316 16.9346 16.8314 16.5897 16.52 16.2426 16.0726 15.9015 15.6964 15.5489 15.2912 15.1515 15.0673 14.9002 14.7981 14.653 14.5396 14.37 14.2096 13.9982 13.9195 13.7008 13.5847 13.4209 13.3401 13.2204 13.1084 13.0195 12.9119 12.7213 12.642 12.5364 12.2976 12.1416 12.0221 11.945 11.8699 11.7696 11.5792 11.4462 11.2678 11.1732 11.1032 11.0046 10.8311 10.752 10.6202 10.4279 10.2639 10.2165 10.1388 10.0948 10.0184 9.88194 9.75004 9.61809 9.52873 9.45143 9.3261 9.22666 9.15392 8.9986 8.89554 8.81482 8.69399 8.62935 8.53183 8.28671 8.15026 8.06812 7.9422 7.85766 7.79093 7.63781 7.53223 7.46809 7.38717 7.24515 7.15285 7.0383 6.95168 6.9161 6.88867 6.69916 6.58668 6.49097 6.43531 6.36615 6.27699 6.16871 6.14346 6.0918 5.9962 5.90909 5.87783 5.81856 5.76762 5.72629 5.70821 5.63704 5.62544 5.57699 5.52644 5.46907 5.38272 5.35217 5.27993 5.22075 5.11011 5.05887 4.96812 4.87977 4.79012 4.73719 4.64315 4.58963 4.52868 4.49281 4.44467 4.38201 4.31395 4.18318 4.14834 4.07483 3.99081 3.96371 3.91963 3.84975 3.79182 3.75159 3.69503 3.6522 3.57473 3.51458 3.48584 3.39826 3.32519 3.3112 3.24551 3.21423 3.16871 3.09657 3.05639 3.00677 2.96801 2.94871 2.90692 2.88661 2.84727 2.81222 2.72326 2.68423 2.6243 2.54308 2.52561 2.47352 2.44849 2.41345 2.37837 2.35391 2.32283 2.26926 2.22087 2.17155 2.11572 2.10965 2.05227 2.00104 1.95996 1.90078 1.85677 1.79509 1.76664 1.69589 1.66387 1.61223 1.56276 1.55184 1.548 1.52707 1.49401 1.46572 1.42032 1.39479 1.34617 1.32343 1.29391 1.27602 1.22344 1.18591 1.13973 1.0991 1.06305 1.0324 1.00463 0.947947 0.900255 0.888109 0.866101 0.840656 0.802733 0.786608 0.775466 0.774947 0.731436 0.702403 0.677638 0.663179 0.632238 0.614493 0.589286 0.560663 0.533075 0.510824 0.499366 0.477053 0.447277 0.427 0.41161 0.374319 0.363257 0.331937 0.327073 0.310141 0.297006 0.282126 0.255994 0.241508 0.233371 0.209527 0.19885 0.186786 0.175154 0.163201 0.143491 0.125204 0.107577 0.101832 0.0976253 0.0890212 0.0734772 0.0611195 0.0551277 0.0546118 0.046611 0.0407491 0.0298092 0.0218537 0.0173472 0.0145379 0.00908387 0.00482955 0.00237276 7.84348e-05 0.000102104 0.0 0.0 0.0 0.0
0.00034479 0.0 0.0 0.0 0.0
0.569225 0.572067 0.546527 0.501789 0.488343 0.478914 0.469026 0.457535 0.424576 0.410849 0.390054 0.380998 0.378968 0.363518 0.347341 0.338229 0.310973 0.284558 0.258483 0.262306 0.244216 0.23101 0.216988 0.219819 0.203556 0.198945 0.189971 0.187946 0.181346 0.170318 0.167672 0.162363 0.160252 0.162278 0.157756 0.155492 0.156485 0.147848 0.145367 0.131096 0.124879 0.112192 0.110302 0.107578 0.105966 0.101591 0.0996195 0.0976783 0.0916979 0.0929806 0.0916611 0.0886155 0.0857148 0.0812104 0.0813916 0.0735501 0.080103 0.0777599 0.0766012 0.0655563 0.0628484 0.060776 0.0600876 0.0598388 0.0568919 0.0557538 0.0550603 0.0555987 0.0567098 0.0538892 0.0510827 0.0530085 0.0522323 0.0518035 0.0517023 0.0503732 0.0497655 0.0499859 0.0497991 0.0508441 0.0484829 0.0502262 0.0471359 0.0453498 0.0427467 0.0442834 0.0450851 0.0417441 0.0416625 0.0384586 0.0378556 0.0357196 0.034246 0.0290543 0.0285993 0.0244972 0.0223557 0.0226306 0.0207593 0.0202386 0.0190419 0.0128222 0.012905 0.0108403 0.0120877 0.012303 0.00987648 0.0055186 0.00757272 0.0106739 0.0115654 0.0105472 0.00786196 0.0100242 0.00700869 0.00680131 0.00401053 0.00458345 0.00232966 0.0021169 0.00216973 0.00148506 0.000196545 0.00254578 0.00127972 0.0 0.00115558 0.000360019 0.00165113 0.000933874 0.0 0.000394791 0.0 0.0
0.0 0.0 0.0 0.0 0.0
0.0 0.0 0.0 0.0
0.198451 0.19728 0.196778 0.19525 0.193796 0.194048 0.193014 0.191046 0.18854 0.187437 0.186004 0.185733 0.184097 0.182836 0.180697 0.179251 0.178547 0.177048 0.175985 0.17468 0.172834 0.171973 0.171287 0.171208 0.169731 0.16808 0.165307 0.164256 0.162122 0.160719 0.158461 0.158148 0.157218 0.15622 0.154194 0.153477 0.152805 0.151637 0.150837 0.149611 0.14964 0.149039 0.148578 0.147585 0.145973 0.144807 0.144018 0.142975 0.14213 0.14142 0.140325 0.138883 0.138305 0.137153 0.136468 0.135639 0.135269 0.133755 0.132484 0.130574 0.129336 0.128412 0.127938 0.127814 0.126414 0.125592 0.125145 0.124447 0.12257 0.12243 0.121097 0.119713 0.118808 0.118199 0.117357 0.1158 0.11532 0.11467 0.112805 0.112347 0.111047 0.110506 0.109294 0.108426 0.106671 0.106013 0.104414 0.104077 0.103477 0.101822 0.100543 0.0998883 0.0990186 0.0981698 0.0971299 0.0959348 0.0949202 0.0944934 0.0935108 0.0931525 0.0930301 0.0925321 0.0921095 0.0914541 0.0902981 0.09013 0.0888141 0.0882813 0.0873001 0.0867739 0.0858637 0.0845439 0.0841376 0.0840681 0.0830119 0.0828161 0.0818371 0.0815287 0.0808005 0.0805922 0.0802308 0.0791002 0.0784944 0.077966 0.0776985 0.0771022 0.0764527 0.0757361 0.0749636 0.0744164 0.0736471 0.0724479 0.0714424 0.0709031 0.0707658 0.0696587 0.0691403 0.0687866 0.0680376 0.0672164 0.0665203 0.0661259 0.0654296 0.0646267 0.0635309 0.0625528 0.0612129 0.0606843 0.0600166 0.0591248 0.058481 0.0576825 0.0565031 0.0558731 0.05588 0.0549475 0.0542361 0.0537974 0.0529514 0.0513334 0.0502759 0.0492545 0.0487153 0.0484307 0.0480753 0.0478446 0.0468245 0.0461033 0.045048 0.0442634 0.0428776 0.0425016 0.0421253 0.0417444 0.0414121 0.0405259 0.0403426 0.0404366 0.0395436 0.0394816 0.0379659 0.0369216 0.0360637 0.0356359 0.0347504 0.0345025 0.033994 0.0334696 0.0329275 0.0321923 0.0313084 0.0302584 0.0294182 0.0291071 0.028443 0.027455 0.0270526 0.0266427 0.026302 0.0254984 0.0243357 0.0231105 0.0224192 0.0221715 0.0220898 0.021909 0.0219026 0.0214247 0.0211016 0.0205395 0.0206729 0.0206351 0.019751 0.0198084 0.0196465 0.0198183 0.0194827 0.0190724 0.0187822 0.0185604 0.0181315 0.0180141 0.0175612 0.0166941 0.0159742 0.015585 0.0155195 0.015337 0.0151141 0.0146875 0.0143183 0.0141951 0.0141154 0.013732 0.0134938 0.0132341 0.0130432 0.0127442 0.0128364 0.0124906 0.0122462 0.0119276 0.011651 0.0115375 0.0114252 0.0114209 0.0112899 0.0109176 0.0104487 0.0104938 0.0100142 0.0102786 0.0093882 0.00927076 0.00854683 0.00851789 0.00822609 0.0076666 0.00756835 0.00733459 0.00717457 0.00696034 0.00692637 0.00675094 0.00656644 0.00628816 0.00609046 0.00578992 0.00513403 0.00474814 0.00458276 0.00437233 0.00420978 0.00414956 0.00363191 0.0037698 0.00333794 0.00350081 0.00315864 0.00317401 0.00295142 0.00284232 0.00254248 0.00213111 0.00173629 0.00172753 0.00137358 0.00138807 0.000663753 0.000772502 0.000151688 0.0001625 0.0 0.0 0.000163446 0.0 0.0 0.0
0.0 0.0 0.0 0.0 0.0 0.0
0.3399 0.337483 0.3357 0.333487 0.331352 0.3289 0.326964 0.323941 0.319596 0.31832 0.316671 0.316254 0.313971 0.312595 0.310837 0.309343 0.305515 0.302285 0.3001 0.297318 0.291708 0.288843 0.287469 0.285468 0.282793 0.280594 0.276281 0.274729 0.270894 0.266917 0.264884 0.2634 0.262229 0.260001 0.256539 0.254216 0.252101 0.249708 0.24698 0.244567 0.243541 0.241592 0.240121 0.237483 0.235814 0.232876 0.231637 0.228314 0.226811 0.225241 0.22391 0.222143 0.221398 0.219336 0.216987 0.215888 0.21403 0.21173 0.209589 0.206911 0.203795 0.200729 0.199245 0.197767 0.195824 0.194476 0.193823 0.193613 0.190263 0.189137 0.187648 0.18597 0.184361 0.183467 0.182819 0.181163 0.179658 0.178714 0.175788 0.174896 0.173937 0.171635 0.170092 0.168097 0.16584 0.164514 0.161804 0.161217 0.159936 0.157279 0.155138 0.153532 0.151254 0.150601 0.149543 0.146781 0.144349 0.142393 0.140515 0.139138 0.138157 0.135649 0.13419 0.131705 0.129949 0.126676 0.124666 0.122909 0.120134 0.119469 0.117916 0.115774 0.114062 0.112609 0.110948 0.110214 0.110046 0.109344 0.107838 0.106684 0.104699 0.10346 0.102657 0.101285 0.100374 0.0992825 0.0985076 0.0967817 0.0957232 0.0947942 0.0932929 0.0917721 0.0908052 0.0899247 0.0894986 0.0877833 0.086152 0.085342 0.0835455 0.0825146 0.0810424 0.0798312 0.0786651 0.0776089 0.0761135 0.0752049 0.0738328 0.073151 0.0714711 0.0692469 0.0683087 0.0666221 0.0647342 0.0631574 0.0619474 0.0602212 0.0591665 0.0586132 0.0585704 0.0576868 0.0560359 0.0545544 0.0535948 0.0525184 0.0523732 0.0522767 0.0506074 0.0493086 0.0484559 0.0473297 0.0469483 0.0468624 0.0460321 0.0455664 0.0448876 0.0444678 0.0438937 0.043282 0.0421475 0.0418354 0.0403701 0.0390554 0.0385852 0.0377042 0.0368904 0.0365886 0.0350277 0.0345404 0.0334012 0.0320186 0.0309745 0.0303462 0.0290794 0.0280523 0.0267976 0.0258218 0.0244694 0.0239136 0.0233756 0.0219726 0.0211294 0.019349 0.0180349 0.0164584 0.0150679 0.014321 0.0138722 0.0127935 0.011846 0.0112586 0.0106109 0.00963346 0.00851442 0.00783933 0.00784948 0.00754127 0.00667563 0.00591696 0.00513271 0.0048391 0.00454364 0.00409856 0.00295336 0.00243006 0.00133164 0.000791332 0.000274128 0.0 0.0 0.0 0.0 0.0 0.0 0.0
0.0 0.0 0.0
0.0 0.0 0.0 0.0
0.0 0.0 0.0 0.0 0.0
0.0 0.0 0.0
0.671692 0.665372 0.662148 0.66199 0.660297 0.660723 0.657982 0.656754 0.655655 0.656546 0.654504 0.65334 0.653767 0.650808 0.646912 0.641744 0.637643 0.632402 0.63055 0.626013 0.622456 0.62198 0.618003 0.615795 0.613183 0.611127 0.604097 0.60106 0.594829 0.590225 0.587902 0.584699 0.582229 0.578831 0.576038 0.57446 0.571118 0.565738 0.562352 0.556743 0.553922 0.549611 0.546342 0.538622 0.534174 0.533047 0.531195 0.527274 0.523236 0.519931 0.513857 0.509623 0.507597 0.5067 0.503497 0.502451 0.499741 0.495277 0.491426 0.489422 0.488457 0.485145 0.480229 0.478983 0.474636 0.472422 0.468117 0.462808 0.459206 0.453531 0.448345 0.445464 0.442476 0.438966 0.434574 0.427808 0.425576 0.420684 0.418445 0.415278 0.412892 0.411132 0.409942 0.405838 0.40396 0.40129 0.397993 0.395774 0.395625 0.389621 0.386344 0.383625 0.381191 0.376148 0.374865 0.369912 0.366874 0.363865 0.361155 0.358306 0.356954 0.3549 0.352676 0.350306 0.34406 0.342825 0.3371 0.33424 0.331496 0.330187 0.32881 0.32653 0.322352 0.320383 0.317633 0.316298 0.312942 0.31226 0.311094 0.309477 0.308837 0.308484 0.306961 0.30449 0.304349 0.303556 0.300824 0.298593 0.296105 0.293562 0.290643 0.289105 0.288122 0.286975 0.285537 0.28262 0.280328 0.278801 0.276654 0.274435 0.272475 0.271906 0.270168 0.266925 0.263755 0.263283 0.258618 0.256851 0.255979 0.253311 0.252242 0.250233 0.248335 0.247113 0.245405 0.242187 0.2412 0.239299 0.236452 0.235286 0.232606 0.229401 0.227045 0.226092 0.224411 0.22148 0.217824 0.21517 0.213561 0.211332 0.208131 0.207469 0.205596 0.204231 0.202832 0.201399 0.200318 0.200021 0.198863 0.19725 0.195543 0.193693 0.192023 0.191226 0.190343 0.188463 0.187539 0.185994 0.184542 0.182243 0.181279 0.17946 0.178488 0.17741 0.176572 0.174672 0.17281 0.171483 0.169207 0.168057 0.164267 0.161449 0.160378 0.159384 0.158615 0.157553 0.155377 0.153359 0.15239 0.150879 0.148527 0.147233 0.146394 0.145709 0.143656 0.140482 0.14029 0.138546 0.137838 0.137077 0.135829 0.13463 0.133129 0.131805 0.128724 0.126919 0.126206 0.12528 0.124326 0.121804 0.121374 0.120274 0.118964 0.118246 0.118083 0.117194 0.116769 0.116788 0.115794 0.114818 0.113755 0.113335 0.112443 0.110988 0.109716 0.109624 0.108997 0.107507 0.106234 0.104578 0.103828 0.103126 0.101307 0.0998655 0.0990082 0.0977705 0.0974765 0.0966614 0.0967447 0.0952768 0.0951692 0.0951045 0.0951148 0.0947648 0.0929225 0.0919549 0.0916338 0.0913844 0.0908653 0.0898247 0.0896858 0.0886661 0.0873796 0.0862766 0.0858596 0.0845565 0.0841498 0.0835014 0.0830201 0.0823089 0.081247 0.0806002 0.079466 0.0788853 0.0783208 0.0780542 0.0777238 0.0769824 0.0758683 0.0747852 0.074025 0.0742503 0.0734041 0.072854 0.0725575 0.0725045 0.0714989 0.0710791 0.0705659 0.0700543 0.0692729 0.0678758 0.0669103 0.066937 0.0656609 0.0645608 0.0636462 0.0620604 0.0615812 0.0612926 0.0604338 0.0586369 0.0578331 0.0571527 0.0562388 0.0559284 0.0555877 0.0548803 0.054131 0.053947 0.052845 0.0510869 0.0511611 0.0507837 0.0501171 0.0493513 0.0485459 0.0476366 0.0461269 0.0450496 0.0446165 0.0437699 0.0429711 0.0416058 0.0406723 0.0397708 0.0393261 0.0381378 0.0377991 0.0378416 0.0372688 0.0358566 0.0351275 0.0342418 0.0332763 0.0331989 0.0321135 0.0311781 0.0307707 0.0301011 0.02976 0.0292357 0.0295143 0.0294667 0.0292992 0.0294857 0.028608 0.0284213 0.0283734 0.0279788 0.0277736 0.0274455 0.0274601 0.0272668 0.0274875 0.026633 0.0254201 0.0243397 0.0242766 0.0238202 0.0227296 0.022427 0.0224743 0.0221569 0.0215998 0.0214102 0.0212792 0.0209145 0.0205725 0.020599 0.0199674 0.0200897 0.0195845 0.0195707 0.0195799 0.019666 0.0193773 0.0191206 0.0189911 0.0186046 0.0184531 0.0184163 0.0185164 0.0178237 0.0176105 0.0174919 0.0171297 0.017417 0.0169638 0.0167919 0.0167303 0.016371 0.0160942 0.0157263 0.0153474 0.0152937 0.0152717 0.0151226 0.015138 0.0148823 0.0141513 0.0142746 0.0140482 0.0139296 0.013816 0.0136038 0.0135025 0.013629 0.0130989 0.0128682 0.0127252 0.0123254 0.0119825 0.0120612 0.0118675 0.0113677 0.0108822 0.0104227 0.0104334 0.0102146 0.00987788 0.0100337 0.0100488 0.00988069 0.00928732 0.00899919 0.00878975 0.0087377 0.00872844 0.00826088 0.00788751 0.00784728 0.00748426 0.00735801 0.00726082 0.00677073 0.00661128 0.00654249 0.00635606 0.0062111 0.0058321 0.00550189 0.00555735 0.00492136 0.00479256 0.0044295 0.00422886 0.00423359 0.00414624 0.00391186 0.00345659 0.00363067 0.00324521 0.0030949 0.00264526 0.00275891 0.00229927 0.00195852 0.00209606 0.00195207 0.00118879 0.00142434 0.000522337 0.000433154 0.000420801 0.000104011 0.000219968 0.000228393 0.000105068 0.0 0.000208025 2.91223e-05 0.0 0.0 0.0 2.38324e-05 0.0 0.0 2.98284e-06 0.0 0.0
0.729121 0.727864 0.727079 0.722817 0.720543 0.718259 0.718015 0.712942 0.705923 0.70337 0.699952 0.698763 0.69478 0.691934 0.687955 0.685889 0.682376 0.679458 0.677457 0.674711 0.671283 0.668851 0.666518 0.665816 0.663047 0.658303 0.654133 0.652711 0.64963 0.646413 0.641653 0.640455 0.639496 0.638237 0.636515 0.634997 0.634024 0.630434 0.629042 0.625279 0.624534 0.619755 0.617406 0.61388 0.610912 0.608323 0.606629 0.60518 0.602891 0.600645 0.59867 0.596365 0.595283 0.591733 0.589704 0.587487 0.586299 0.583365 0.580787 0.576689 0.573647 0.571142 0.568384 0.567897 0.563611 0.561939 0.56073 0.559362 0.557083 0.555723 0.552372 0.548813 0.546805 0.54497 0.542707 0.539726 0.538678 0.536729 0.531753 0.529938 0.526472 0.524402 0.521082 0.519847 0.515897 0.513486 0.509453 0.507899 0.505973 0.502869 0.499707 0.497427 0.494385 0.492619 0.48984 0.486686 0.484562 0.483619 0.481967 0.481367 0.480624 0.478257 0.475049 0.472664 0.469007 0.468087 0.463192 0.461643 0.458775 0.456162 0.453925 0.450248 0.448784 0.447577 0.444506 0.443766 0.441196 0.439223 0.436148 0.43437 0.432886 0.429133 0.427203 0.425143 0.423684 0.42177 0.419885 0.418454 0.416455 0.413524 0.410931 0.406276 0.403896 0.401912 0.401236 0.398969 0.398243 0.396906 0.393817 0.391577 0.388708 0.387271 0.385522 0.38305 0.379825 0.376978 0.373586 0.372157 0.369543 0.367269 0.365213 0.362809 0.359277 0.356668 0.355284 0.35198 0.34934 0.348176 0.346261 0.341426 0.338904 0.335812 0.334864 0.333032 0.331066 0.329424 0.32668 0.324794 0.322303 0.319928 0.315695 0.314392 0.313419 0.312174 0.310246 0.308025 0.305379 0.302901 0.300312 0.297898 0.296009 0.293379 0.291844 0.290325 0.288393 0.287259 0.285186 0.2828 0.280129 0.278805 0.276107 0.273106 0.271708 0.270382 0.269696 0.267727 0.267092 0.266093 0.264733 0.262836 0.260468 0.258459 0.256291 0.254307 0.252069 0.250903 0.249258 0.246397 0.244222 0.242182 0.240139 0.239166 0.235666 0.234526 0.23265 0.229031 0.227576 0.224629 0.222518 0.220626 0.219464 0.218387 0.21502 0.213057 0.209006 0.206724 0.205553 0.203629 0.201192 0.198089 0.196776 0.194771 0.190534 0.189641 0.188121 0.18621 0.185563 0.184299 0.182827 0.180122 0.177394 0.176589 0.174131 0.17225 0.170325 0.169492 0.167022 0.165418 0.163837 0.162907 0.161349 0.158242 0.15704 0.156008 0.155053 0.154081 0.152752 0.150446 0.148322 0.147562 0.146781 0.145229 0.144315 0.143969 0.142198 0.140303 0.139096 0.138315 0.13564 0.133168 0.131585 0.130887 0.129722 0.129225 0.127608 0.126798 0.125628 0.12459 0.123045 0.122529 0.121169 0.119617 0.119537 0.118335 0.115614 0.114825 0.112936 0.111172 0.108092 0.107432 0.105711 0.10524 0.104265 0.104125 0.102707 0.101098 0.100519 0.0988582 0.0977808 0.0967427 0.0951622 0.0942766 0.0933724 0.091728 0.0905956 0.0900995 0.0891454 0.0880681 0.0868678 0.0853573 0.0834376 0.0822028 0.0810433 0.0803186 0.0792995 0.0783993 0.0781026 0.0767981 0.0765271 0.075857 0.0746788 0.0734856 0.0728627 0.071065 0.0698 0.0685264 0.0679871 0.0664603 0.0657006 0.0645607 0.0638414 0.0626066 0.0619244 0.0603798 0.0596927 0.0581931 0.0568039 0.0565061 0.0551838 0.0543348 0.0529238 0.0520669 0.0506173 0.0496587 0.0478657 0.046931 0.0463465 0.046086 0.0456677 0.0448972 0.0437192 0.0436007 0.0421795 0.0416902 0.0408798 0.0401556 0.0388006 0.0378767 0.037686 0.0361364 0.03563 0.0345203 0.0333253 0.0325993 0.0311123 0.0304253 0.0294967 0.0288646 0.0286121 0.0279006 0.027543 0.0267716 0.0252769 0.025035 0.0241261 0.0235047 0.0219879 0.0214989 0.021258 0.0205617 0.019733 0.0194964 0.0189666 0.018216 0.0177638 0.0176876 0.0174487 0.0169908 0.0166062 0.0164506 0.0160721 0.0154034 0.015377 0.0149358 0.0144632 0.0134814 0.0131422 0.0126232 0.0124801 0.0123239 0.0123284 0.0113398 0.0104864 0.00977187 0.0095088 0.00945903 0.00896376 0.00851698 0.00823093 0.00794878 0.0073443 0.0067803 0.00672071 0.00636269 0.00627124 0.00598349 0.00617197 0.00556216 0.00554272 0.00485861 0.00406837 0.00395911 0.00336976 0.00354955 0.00315933 0.00232157 0.00200613 0.00171893 0.0016218 0.00138905 0.000613698 0.000116953 5.58432e-05 0.0 0.0 0.0
0.0 0.0 0.0
0.0 0.0 0.0
0.0 0.0 0.0 0.0 0.0
0.0 0.0 0.0 0.0 0.0 0.0
0.0 0.0 0.0
0.0 0.0 0.0 0.0
0.0 0.0 0.0 0.0 0.0 0.0
0.0 0.0 0.0 0.0 0.0 0.0
0.0 0.0 0.0
0.0 0.0 0.0 0.0 0.0
0.0 0.0 0.0 0.0
0.0 0.0 0.0
9.71979 9.70977 9.6987 9.68079 9.67205 9.66133 9.64922 9.62707 9.60213 9.59403 9.58452 9.56665 9.55523 9.54183 9.52746 9.51077 9.49159 9.46725 9.44833 9.43941 9.43028 9.41312 9.40551 9.39131 9.36692 9.35364 9.32885 9.3191 9.3066 9.2896 9.28112 9.2722 9.26739 9.25271 9.24147 9.23265 9.20943 9.18391 9.18017 9.15474 9.15271 9.13171 9.11383 9.08584 9.07948 9.06491 9.05073 9.03556 9.01765 9.01413 8.99509 8.99061 8.98242 8.9738 8.96014 8.94621 8.93724 8.92574 8.90952 8.89535 8.88287 8.87002 8.8571 8.84707 8.83358 8.82603 8.80744 8.79191 8.78177 8.76253 8.739 8.71841 8.70998 8.69987 8.68655 8.68064 8.66343 8.64925 8.62781 8.61637 8.59719 8.578 8.56039 8.5465 8.53436 8.52123 8.51108 8.49905 8.49511 8.48173 8.47525 8.47145 8.44975 8.42998 8.41356 8.38131 8.36008 8.35185 8.34647 8.34162 8.33444 8.31022 8.30141 8.29174 8.27756 8.25931 8.24108 8.22333 8.2166 8.19969 8.19193 8.17083 8.1621 8.15617 8.14044 8.13134 8.12128 8.10834 8.09388 8.06973 8.04778 8.0336 8.02094 8.0068 7.99197 7.98308 7.97412 7.96129 7.94629 7.93788 7.9306 7.91158 7.8916 7.88679 7.87743 7.87117 7.86605 7.86036 7.8437 7.82588 7.81023 7.79702 7.77975 7.76922 7.76168 7.75353 7.73843 7.72466 7.70782 7.6913 7.67773 7.66333 7.65046 7.64134 7.62975 7.61088 7.5916 7.58467 7.57503 7.54834 7.5334 7.51708 7.50138 7.4893 7.46762 7.4627 7.44992 7.44208 7.42755 7.42059 7.40473 7.39553 7.38082 7.36761 7.3625 7.34768 7.33727 7.31926 7.3126 7.28703 7.28137 7.26888 7.25837 7.24131 7.22134 7.20657 7.18563 7.17631 7.16329 7.15195 7.13025 7.11276 7.09948 7.08069 7.07852 7.07002 7.05774 7.04737 7.03949 7.02419 7.00847 7.0027 6.99128 6.97755 6.96499 6.9555 6.95125 6.93616 6.91793 6.91606 6.91081 6.89487 6.8764 6.86507 6.85478 6.84504 6.83351 6.81739 6.80149 6.79335 6.78597 6.78008 6.76722 6.75889 6.74284 6.73245 6.72652 6.70785 6.70083 6.69521 6.68722 6.68067 6.66818 6.65734 6.6403 6.62564 6.62074 6.61191 6.6005 6.58581 6.57044 6.56488 6.55727 6.54448 6.52305 6.50978 6.50163 6.48641 6.47687 6.46948 6.4638 6.45318 6.4419 6.43178 6.41412 6.4033 6.39408 6.37184 6.36254 6.35726 6.35487 6.34197 6.32618 6.31826 6.30715 6.28933 6.28231 6.27674 6.26516 6.25121 6.23784 6.23329 6.22129 6.2067 6.19419 6.17985 6.16189 6.14669 6.13513 6.11946 6.11252 6.10412 6.09685 6.0888 6.07405 6.06254 6.04849 6.04441 6.02847 6.01439 6.00831 6.00062 5.98602 5.97762 5.9733 5.95682 5.95309 5.9425 5.93135 5.9259 5.91597 5.91092 5.90968 5.89054 5.88698 5.87548 5.8701 5.86416 5.84834 5.83686 5.81656 5.80904 5.79758 5.79227 5.78006 5.77145 5.76635 5.7568 5.75327 5.74376 5.73739 5.71892 5.71198 5.70348 5.69719 5.68298 5.66917 5.65576 5.64654 5.63545 5.62242 5.61144 5.6039 5.59755 5.59506 5.57585 5.5708 5.56079 5.54492 5.53459 5.52508 5.51485 5.5097 5.50259 5.49085 5.48471 5.47023 5.45475 5.44947 5.44595 5.44054 5.43162 5.41861 5.41045 5.40188 5.3878 5.37244 5.36075 5.35262 5.34776 5.33884 5.32566 5.3205 5.31149 5.30262 5.29657 5.28717 5.27858 5.27116 5.25691 5.24992 5.24879 5.23167 5.22399 5.2137 5.20631 5.20096 5.19693 5.18611 5.1834 5.17288 5.17028 5.16339 5.15454 5.14391 5.13633 5.13259 5.11946 5.10999 5.10646 5.09029 5.08297 5.07958 5.06964 5.0568 5.05151 5.04236 5.03212 5.02536 5.01427 5.00619 4.99488 4.97534 4.96795 4.95351 4.94625 4.93137 4.92564 4.91641 4.91049 4.89664 4.89464 4.88054 4.87166 4.86478 4.85712 4.84963 4.84668 4.84216 4.82967 4.81646 4.80557 4.79325 4.79022 4.78212 4.76877 4.75495 4.74129 4.7301 4.72708 4.7161 4.70277 4.69291 4.68113 4.67622 4.66832 4.666 4.66174 4.64942 4.64207 4.63267 4.62369 4.61567 4.60576 4.59676 4.58801 4.57396 4.57016 4.5614 4.55517 4.54433 4.53821 4.53312 4.52576 4.51805 4.50444 4.4923 4.48392 4.47706 4.46533 4.46185 4.45898 4.4544 4.44679 4.44297 4.43974 4.43092 4.41475 4.40289 4.39229 4.38075 4.37244 4.36902 4.36637 4.35743 4.34203 4.3312 4.32454 4.31134 4.30256 4.29473 4.28667 4.27649 4.26964 4.26313 4.25527 4.24556 4.24166 4.23907 4.22454 4.21258 4.20447 4.19613 4.19112 4.17904 4.17127 4.16274 4.15398 4.14926 4.13968 4.13096 4.12479 4.11348 4.10802 4.10051 4.09086 4.08443 4.0749 4.06779 4.06009 4.05084 4.0407 4.0362 4.0319 4.02619 4.02355 4.01788 4.0075 3.99569 3.9943 3.99241 3.98924 3.97941 3.97383 3.96626 3.96501 3.95594 3.93866 3.93316 3.92028 3.91154 3.90338 3.89222 3.88302 3.87248 3.86941 3.85811 3.85171 3.83808 3.8296 3.82252 3.81359 3.80794 3.79989 3.79138 3.78128 3.77708 3.77102 3.76382 3.75884 3.74838 3.74328 3.73621 3.72878 3.72539 3.72045 3.71455 3.70828 3.69411 3.68684 3.68312 3.6787 3.66785 3.65695 3.6439 3.634 3.6258 3.61625 3.61171 3.60974 3.60682 3.60104 3.59626 3.59094 3.58054 3.57312 3.56964 3.56125 3.55443 3.54696 3.5343 3.53093 3.52841 3.52443 3.52009 3.50311 3.49492 3.49213 3.48835 3.48207 3.47405 3.46064 3.45432 3.45013 3.43386 3.42804 3.42268 3.41022 3.40161 3.39159 3.38182 3.37243 3.36438 3.35686 3.34903 3.34193 3.33714 3.32747 3.31939 3.30909 3.30241 3.2986 3.28231 3.2808 3.2756 3.26893 3.25924 3.25348 3.25074 3.2379 3.22798 3.22315 3.21996 3.21262 3.20745 3.20217 3.18686 3.18352 3.17818 3.17401 3.1689 3.16247 3.16168 3.1579 3.14839 3.14394 3.13779 3.13054 3.12197 3.11539 3.11507 3.11129 3.10772 3.10466 3.09728 3.08894 3.0826 3.07316 3.07132 3.06416 3.06187 3.05918 3.05327 3.04979 3.04054 3.03576 3.02791 3.02088 3.01564 3.00784 3.00429 2.99736 2.98968 2.98326 2.97434 2.96061 2.95636 2.95048 2.94732 2.93922 2.93756 2.9322 2.93103 2.92544 2.92014 2.91519 2.91069 2.90446 2.9004 2.89515 2.8877 2.88222 2.87786 2.87412 2.86901 2.85866 2.85053 2.8438 2.83688 2.83028 2.82648 2.82127 2.81895 2.80931 2.79983 2.79352 2.78733 2.78536 2.78047 2.77095 2.7635 2.75278 2.74719 2.73817 2.73016 2.72308 2.7136 2.70919 2.70288 2.69526 2.69092 2.68263 2.67586 2.67332 2.66751 2.65818 2.65543 2.65295 2.64275 2.63593 2.63196 2.62699 2.62175 2.61398 2.60653 2.59978 2.58656 2.5827 2.57458 2.56889 2.56534 2.55681 2.55087 2.54489 2.54057 2.52968 2.52607 2.5186 2.51266 2.50119 2.497 2.49248 2.48936 2.48393 2.48166 2.47454 2.46192 2.45625 2.44388 2.43971 2.42919 2.42566 2.4212 2.41991 2.41297 2.40337 2.4004 2.39995 2.39696 2.39037 2.38308 2.37736 2.37467 2.36733 2.36282 2.36054 2.35721 2.35162 2.33951 2.3338 2.32814 2.31771 2.30946 2.30595 2.30213 2.29711 2.29305 2.28253 2.2692 2.261 2.25262 2.24617 2.2384 2.23026 2.22422 2.21809 2.21298 2.20632 2.19732 2.19082 2.18655 2.18483 2.178 2.17373 2.16665 2.16243 2.15496 2.14628 2.14533 2.13905 2.13443 2.12914 2.12092 2.11772 2.11501 2.11133 2.09959 2.09389 2.08946 2.08182 2.07507 2.06976 2.06222 2.06007 2.05548 2.04561 2.03952 2.03398 2.0234 2.01616 2.01142 2.00126 1.9969 1.98849 1.97921 1.97106 1.96778 1.96085 1.95611 1.94969 1.93946 1.93737 1.93452 1.93155 1.92469 1.92177 1.91602 1.91055 1.90416 1.90053 1.89624 1.89246 1.8857 1.88036 1.87412 1.86992 1.86668 1.85791 1.85521 1.85216 1.84852 1.8438 1.83812 1.83426 1.83039 1.82642 1.82019 1.81066 1.80616 1.80202 1.79727 1.78946 1.78474 1.77825 1.7756 1.76614 1.76189 1.75751 1.75198 1.74721 1.74324 1.73833 1.73197 1.72361 1.71851 1.7156 1.71088 1.70731 1.69946 1.69582 1.69088 1.68771 1.68608 1.6838 1.67472 1.66922 1.66378 1.65746 1.65453 1.65115 1.64698 1.64351 1.64128 1.6376 1.63352 1.62443 1.61617 1.6125 1.60819 1.60235 1.59567 1.59173 1.58609 1.58446 1.58071 1.57652 1.57131 1.56714 1.56227 1.55698 1.5522 1.54744 1.54227 1.53838 1.53415 1.53027 1.52523 1.5234 1.51979 1.51579 1.51207 1.50854 1.5063 1.50114 1.49569 1.49354 1.4922 1.48819 1.48073 1.4786 1.47544 1.47232 1.46681 1.46156 1.45611 1.45016 1.44463 1.43988 1.43637 1.42759 1.42258 1.41974 1.41377 1.40884 1.40423 1.39847 1.39603 1.39175 1.38788 1.38482 1.37955 1.37361 1.371 1.36621 1.36369 1.35426 1.34633 1.33742 1.33514 1.3294 1.32383 1.3208 1.31523 1.31163 1.31028 1.30584 1.30111 1.29478 1.28989 1.28283 1.27957 1.27553 1.27371 1.27007 1.26661 1.26316 1.25644 1.25227 1.24725 1.2439 1.24107 1.2348 1.22873 1.22532 1.22131 1.21804 1.21593 1.21477 1.20995 1.20345 1.20143 1.19735 1.19501 1.19092 1.18484 1.18173 1.17733 1.17281 1.16955 1.16735 1.1653 1.1603 1.15531 1.14985 1.1465 1.14373 1.14125 1.13395 1.1322 1.12888 1.12113 1.11674 1.10918 1.10637 1.10207 1.09723 1.09222 1.08662 1.08035 1.07617 1.07456 1.07213 1.06637 1.0635 1.0588 1.05161 1.04613 1.0448 1.04039 1.03629 1.03311 1.02734 1.02126 1.01899 1.01757 1.01442 1.01153 1.00841 1.00483 1.00303 0.999902 0.996683 0.992833 0.990057 0.987227 0.984442 0.982164 0.978197 0.975896 0.974027 0.969297 0.96688 0.96333 0.960081 0.956551 0.953039 0.947567 0.944866 0.937612 0.932901 0.92801 0.923166 0.918839 0.914612 0.909428 0.905832 0.90482 0.902443 0.898134 0.892561 0.890555 0.883906 0.878106 0.875155 0.871134 0.867969 0.861979 0.858987 0.85817 0.856193 0.852725 0.846745 0.843637 0.842522 0.840163 0.83674 0.834336 0.830257 0.827531 0.826086 0.820616 0.816754 0.813379 0.810566 0.806359 0.803407 0.801454 0.798192 0.795335 0.793046 0.78925 0.78648 0.781341 0.778537 0.77496 0.772312 0.76988 0.76584 0.763777 0.759272 0.756018 0.753366 0.75179 0.748806 0.747138 0.744504 0.741211 0.73594 0.733504 0.731316 0.728399 0.723881 0.72103 0.718847 0.715255 0.711487 0.707647 0.698942 0.69644 0.694845 0.690621 0.684691 0.682891 0.681456 0.678895 0.67642 0.671929 0.669838 0.66603 0.660791 0.658254 0.654697 0.650645 0.647909 0.644776 0.64278 0.639844 0.638375 0.636039 0.631101 0.628723 0.626208 0.622691 0.618849 0.616449 0.613945 0.612784 0.610077 0.607237 0.60655 0.603879 0.602384 0.599494 0.595308 0.591128 0.588699 0.586093 0.583209 0.579628 0.577679 0.576167 0.573159 0.569597 0.567497 0.566534 0.564763 0.561476 0.558645 0.556035 0.552309 0.549696 0.547576 0.546321 0.543094 0.53886 0.533889 0.531082 0.528532 0.526117 0.523551 0.522542 0.521013 0.519656 0.518993 0.518205 0.514687 0.512591 0.508809 0.505784 0.503281 0.499971 0.498622 0.494847 0.491833 0.488901 0.484405 0.481359 0.477546 0.475425 0.473726 0.469199 0.466946 0.464924 0.461265 0.460337 0.457123 0.453894 0.450246 0.447876 0.444103 0.442604 0.439271 0.437502 0.434528 0.433416 0.431454 0.430538 0.426866 0.425381 0.4228 0.419114 0.417321 0.415226 0.412094 0.409152 0.407248 0.403067 0.401479 0.399557 0.398093 0.396696 0.395132 0.393261 0.39203 0.390403 0.389546 0.387233 0.384894 0.381678 0.37928 0.376896 0.37411 0.372595 0.371209 0.368661 0.366302 0.364863 0.361675 0.35913 0.358109 0.357492 0.355871 0.35334 0.351113 0.349591 0.34791 0.345573 0.343642 0.340524 0.337739 0.33617 0.334272 0.332024 0.328665 0.326715 0.325571 0.323667 0.32239 0.319203 0.318423 0.31726 0.316956 0.315395 0.313494 0.31262 0.310304 0.306895 0.303827 0.301727 0.29958 0.297276 0.295907 0.294693 0.292923 0.292397 0.291236 0.289269 0.286558 0.284537 0.283913 0.282601 0.281199 0.278588 0.277014 0.275109 0.273642 0.270855 0.269624 0.268419 0.265244 0.261407 0.259781 0.257373 0.255633 0.254688 0.252452 0.2513 0.250448 0.247515 0.245915 0.244281 0.242839 0.240567 0.237998 0.235236 0.234047 0.232028 0.229693 0.22814 0.226903 0.225969 0.223264 0.222153 0.221256 0.21988 0.218495 0.217851 0.216346 0.214213 0.211814 0.210992 0.210001 0.208312 0.207865 0.205817 0.20466 0.201644 0.199844 0.199704 0.198031 0.196256 0.194026 0.19181 0.19072 0.18771 0.186542 0.185247 0.184567 0.184359 0.183314 0.181856 0.18036 0.178038 0.176673 0.174272 0.1734 0.172353 0.171746 0.169769 0.169023 0.166556 0.16563 0.163596 0.162753 0.160649 0.158859 0.156351 0.155173 0.153962 0.152057 0.150796 0.148723 0.148172 0.146559 0.145675 0.144192 0.143031 0.142355 0.14145 0.140414 0.140051 0.138898 0.138393 0.137582 0.136348 0.134528 0.13337 0.13249 0.131684 0.131062 0.128712 0.127078 0.125947 0.124768 0.123328 0.121513 0.120415 0.11839 0.118114 0.116059 0.115458 0.113606 0.111891 0.109586 0.109083 0.10824 0.107199 0.105662 0.102595 0.100289 0.0992203 0.0983615 0.0969895 0.0959883 0.0947197 0.0939103 0.0928169 0.0910171 0.0898848 0.088502 0.0873624 0.0866396 0.0859604 0.0849867 0.0844337 0.0832512 0.0818775 0.0814048 0.080485 0.0798061 0.0790797 0.0786231 0.0781899 0.0769217 0.0761193 0.0747423 0.0742897 0.0736923 0.0729574 0.071702 0.0705929 0.069425 0.068673 0.0676646 0.0674245 0.067061 0.0655883 0.0641959 0.0625944 0.0620295 0.0614756 0.0606903 0.0594142 0.0584151 0.0575788 0.0563411 0.0554111 0.0547089 0.0541394 0.0528922 0.0511562 0.0497755 0.049266 0.0483292 0.0464443 0.0456447 0.0446325 0.044432 0.0433431 0.0427288 0.0413046 0.0403323 0.039843 0.0386389 0.0380638 0.0354663 0.0351567 0.0344507 0.0339623 0.0332451 0.0325623 0.0324788 0.0314152 0.0304056 0.0296133 0.0291886 0.028745 0.0283972 0.0278275 0.0272068 0.0262957 0.0253183 0.0243917 0.0239153 0.0230975 0.0231127 0.0219493 0.0212911 0.0207598 0.0204236 0.0199027 0.019261 0.0189555 0.0187135 0.0175779 0.0170944 0.0163814 0.0159342 0.015577 0.0151532 0.0145623 0.0142067 0.0138377 0.0136057 0.0132525 0.0124077 0.011592 0.0109376 0.0102342 0.00912438 0.00852021 0.00820905 0.00766426 0.00707556 0.00662767 0.00643262 0.00604906 0.00539559 0.00422466 0.0037349 0.00250253 0.00183257 0.0012297 0.000547132 0.0 0.0 0.0 0.0 0.0
0.0 0.0 0.0 0.0 0.0 0.0 0.0
0.0 0.0 0.0 0.0 0.0 0.0 0.0 0.0
0.0 0.0 0.0
75.9923 74.206 72.1665 71.0573 69.6552 67.1818 65.3366 64.3512 63.0303 61.3852 59.5161 57.6997 55.9941 53.7401 53.1008 51.0173 49.6753 48.4278 45.6903 44.2083 42.539 38.4664 36.794 35.6133 34.3147 33.3541 32.6135 31.7444 30.3568 29.3637 27.7197 26.9945 26.3825 25.8362 23.8961 23.1601 21.2862 20.3297 19.9515 18.4129 17.9456 17.1214 15.9441 14.7566 13.3558 12.281 11.3944 10.2214 9.13029 8.73904 7.99456 7.71121 7.22789 6.91616 6.62511 6.23465 5.99369 5.43051 5.41604 4.96816 4.8613 4.70058 4.55973 4.31758 4.26015 3.89357 3.66378 3.53924 3.35206 3.08434 2.96789 2.93853 2.80064 2.48308 2.4317 2.15809 1.89232 1.73754 1.67208 1.63845 1.6471 1.62881 1.47765 1.46096 1.1429 1.00305 0.90355 0.849392 0.654765 0.643221 0.520764 0.462137 0.42287 0.394453 0.382215 0.377948 0.252445 0.438349 0.222446 0.123005 0.120188 0.107279 0.0685188 0.0752813 0.0597883 0.0737797 0.0150718 0.0 0.0 0.0 0.0
0.0 0.0 0.0
1.89783 0.714925 0.0250706 0.0559187 0.00552147 0.00425983 0.0186263 0.0 0.0 0.0
0.0 7.37721 24.3474 0.0 0.0
0.0 0.0 0.0
0.0 0.0 0.0 0.0
0.0 0.0 0.0 0.0 0.0 0.0
1.97543 1.94531 1.92934 1.90664 1.8774 1.84081 1.80713 1.78467 1.78152 1.76924 1.74727 1.74002 1.72496 1.69056 1.62867 1.62338 1.61322 1.57961 1.56599 1.53502 1.52367 1.51004 1.4852 1.47857 1.45825 1.45041 1.42434 1.41353 1.40406 1.38326 1.36921 1.35898 1.34377 1.33164 1.32744 1.32439 1.32021 1.31248 1.30565 1.30357 1.30355 1.2959 1.29076 1.291 1.28728 1.28652 1.28537 1.28592 1.28409 1.28393 1.282 1.28045 1.28047 1.27901 1.27659 1.2757 1.27519 1.27398 1.27275 1.27262 1.27161 1.26952 1.26798 1.26662 1.26295 1.26047 1.25979 1.25871 1.25759 1.25353 1.25024 1.24795 1.24515 1.24006 1.23732 1.23338 1.22819 1.2244 1.22155 1.21961 1.21855 1.21616 1.21492 1.21105 1.20853 1.20625 1.19995 1.19387 1.18995 1.18731 1.18318 1.17865 1.17463 1.16996 1.1657 1.15775 1.15427 1.14895 1.14471 1.14105 1.13761 1.12852 1.12253 1.12165 1.11754 1.11142 1.10573 1.10157 1.09646 1.08801 1.08277 1.07209 1.06729 1.06069 1.05956 1.05131 1.04809 1.03805 1.03336 1.02641 1.01948 1.01688 1.00702 1.00329 0.99204 0.982054 0.971535 0.96528 0.956562 0.950904 0.945207 0.930587 0.925439 0.921545 0.912451 0.903191 0.898802 0.893501 0.88124 0.870417 0.863401 0.858718 0.852495 0.848264 0.841089 0.836524 0.828897 0.819122 0.81422 0.801985 0.798123 0.78794 0.785096 0.777103 0.775495 0.767506 0.760773 0.75599 0.749586 0.746543 0.732664 0.727533 0.715432 0.707592 0.695734 0.681831 0.675431 0.670068 0.662795 0.653559 0.647101 0.644457 0.632397 0.624329 0.617774 0.603601 0.596932 0.589548 0.574352 0.569303 0.561787 0.554974 0.549077 0.541858 0.531062 0.524643 0.514378 0.503912 0.492922 0.487233 0.483221 0.474954 0.470042 0.463437 0.460631 0.450636 0.444741 0.439586 0.433462 0.424902 0.419895 0.413938 0.402427 0.395741 0.393674 0.378981 0.374464 0.371983 0.366055 0.35891 0.353706 0.349373 0.347162 0.342358 0.335963 0.32965 0.320768 0.313724 0.30676 0.29795 0.292274 0.287351 0.27935 0.273933 0.265636 0.263337 0.258776 0.253655 0.250418 0.24492 0.241564 0.23602 0.232023 0.226311 0.224483 0.217438 0.213911 0.209477 0.205012 0.199602 0.195704 0.191102 0.188317 0.186901 0.1827 0.180387 0.179203 0.172065 0.166151 0.163268 0.159272 0.158043 0.155501 0.153812 0.151667 0.146793 0.142838 0.139907 0.131982 0.129844 0.128367 0.126437 0.12399 0.121556 0.120445 0.118435 0.116879 0.114793 0.113662 0.109563 0.107152 0.104702 0.100898 0.0992373 0.0966664 0.0951666 0.0919524 0.0881754 0.0864319 0.0840518 0.0815499 0.0794238 0.0776724 0.0759667 0.0740727 0.0708278 0.068933 0.0672072 0.0664196 0.0645782 0.0631749 0.0604396 0.0572173 0.0558665 0.0531161 0.0520739 0.0512577 0.0492106 0.0486349 0.0472444 0.0458266 0.045176 0.0434724 0.0424273 0.0419341 0.0399802 0.0379942 0.0369313 0.0353923 0.0342931 0.033674 0.0327434 0.0312059 0.0302759 0.0291154 0.0285788 0.0271962 0.0252712 0.0244607 0.0224631 0.0212246 0.0202589 0.0194793 0.0191046 0.0177598 0.016874 0.016191 0.0148469 0.0133616 0.0121252 0.0114674 0.0102761 0.00905281 0.00840253 0.00747199 0.00693798 0.00607108 0.00380893 0.00316405 0.00227408 0.000785144 0.0 0.0 0.0 0.0
3.10272 3.09033 3.07558 3.06268 3.05241 3.03959 3.02979 3.02128 2.99335 2.98514 2.97718 2.96675 2.95575 2.93718 2.92323 2.91127 2.90353 2.89558 2.88912 2.87275 2.86378 2.85927 2.85659 2.84949 2.83298 2.81041 2.80322 2.79894 2.79373 2.78047 2.75799 2.7448 2.7298 2.7216 2.71404 2.70026 2.69118 2.68222 2.67119 2.66383 2.66012 2.64202 2.63096 2.62015 2.61695 2.60469 2.5889 2.58549 2.57372 2.56461 2.55419 2.53642 2.52917 2.51309 2.49817 2.48657 2.47857 2.4708 2.45686 2.4466 2.44096 2.43382 2.42109 2.41482 2.39876 2.39311 2.38707 2.37795 2.37111 2.35924 2.34756 2.33767 2.32534 2.30865 2.30738 2.29749 2.29365 2.28162 2.27173 2.2687 2.26589 2.25761 2.24989 2.24361 2.23573 2.2313 2.21928 2.21181 2.20109 2.18561 2.17652 2.17158 2.16713 2.15868 2.15223 2.148 2.14479 2.13911 2.13294 2.12782 2.12258 2.11872 2.11244 2.10808 2.10354 2.09713 2.08953 2.0842 2.07965 2.07365 2.06222 2.04949 2.0432 2.03877 2.03568 2.0288 2.02739 2.0196 2.01568 2.00989 2.00067 1.99404 1.99176 1.98603 1.97665 1.97129 1.96472 1.95979 1.95485 1.95085 1.94178 1.92331 1.91512 1.90918 1.89961 1.88065 1.87314 1.86047 1.85402 1.84619 1.83299 1.8201 1.81819 1.81277 1.80448 1.79612 1.78782 1.7844 1.7716 1.75159 1.73926 1.72169 1.71341 1.68741 1.67169 1.65581 1.64472 1.63339 1.62935 1.62284 1.61424 1.59726 1.58785 1.58075 1.57256 1.56166 1.55056 1.53942 1.53196 1.51505 1.51212 1.50943 1.5028 1.49395 1.48994 1.48206 1.47646 1.46748 1.46215 1.45694 1.44987 1.44515 1.44207 1.43392 1.4259 1.41805 1.41323 1.40531 1.40023 1.38984 1.3842 1.3764 1.37147 1.36486 1.35824 1.34906 1.34172 1.33854 1.3335 1.32228 1.31881 1.31399 1.30798 1.29954 1.29642 1.2895 1.28559 1.28036 1.27414 1.26921 1.26817 1.26582 1.2648 1.26349 1.26149 1.2594 1.2574 1.25586 1.25414 1.25256 1.25162 1.25066 1.24894 1.24672 1.24502 1.24457 1.24337 1.24243 1.24172 1.24013 1.23956 1.23847 1.2365 1.23481 1.23417 1.23237 1.23084 1.22887 1.22771 1.2264 1.22459 1.22308 1.22234 1.22144 1.22073 1.21968 1.21807 1.21612 1.21475 1.21357 1.21285 1.2119 1.21064 1.20968 1.20877 1.2074 1.2059 1.20471 1.20238 1.20102 1.20059 1.19913 1.1978 1.1971 1.19602 1.19477 1.1931 1.19188 1.19066 1.18917 1.1879 1.18615 1.18395 1.18247 1.1814 1.17979 1.17838 1.17686 1.17634 1.17482 1.17383 1.17328 1.17256 1.17163 1.17021 1.16796 1.16718 1.16674 1.16594 1.16417 1.16336 1.16259 1.16016 1.15904 1.15828 1.15683 1.15568 1.15363 1.15226 1.15079 1.14929 1.14887 1.14623 1.14411 1.14316 1.14229 1.14102 1.14008 1.13875 1.13729 1.13681 1.13558 1.13458 1.13325 1.13158 1.13078 1.12939 1.12871 1.12781 1.12591 1.1251 1.12349 1.12143 1.11977 1.11789 1.11688 1.11592 1.11453 1.11218 1.1109 1.10992 1.10871 1.10815 1.10751 1.10672 1.10593 1.10481 1.10331 1.10275 1.10187 1.10072 1.09958 1.09881 1.09846 1.0981 1.09667 1.09587 1.09467 1.09329 1.09228 1.09183 1.09102 1.09043 1.08951 1.08831 1.08714 1.08566 1.08522 1.08376 1.08351 1.08208 1.08071 1.07839 1.07761 1.07668 1.07524 1.07373 1.07164 1.07061 1.06948 1.06777 1.06688 1.06633 1.06539 1.06463 1.06298 1.06077 1.0594 1.05843 1.05733 1.05636 1.05523 1.05378 1.05287 1.05187 1.05147 1.05028 1.04977 1.0489 1.04821 1.04652 1.04602 1.0459 1.04577 1.04381 1.04212 1.04093 1.03965 1.03859 1.03737 1.03568 1.03477 1.03236 1.03129 1.0297 1.02887 1.02797 1.02637 1.02422 1.0224 1.02079 1.01908 1.01756 1.01656 1.016 1.01487 1.01409 1.01363 1.01295 1.01241 1.01251 1.01178 1.01142 1.01118 1.01026 1.00986 1.0096 1.00838 1.00786 1.00691 1.00608 1.00579 1.00522 1.00505 1.00473 1.00393 1.00293 1.00267 1.00255 1.00235 1.00131 1.00085 1.00075 0.999485 0.99915 0.999062 0.998064 0.997909 0.996378 0.99584 0.995103 0.99435 0.992598 0.989976 0.989324 0.985491 0.984069 0.982231 0.981314 0.977737 0.973428 0.970657 0.967731 0.966073 0.960637 0.957017 0.952972 0.946756 0.942784 0.940024 0.934556 0.930137 0.9256 0.920832 0.91686 0.912959 0.904392 0.901649 0.900179 0.892581 0.887233 0.876429 0.872395 0.864381 0.862183 0.854529 0.847022 0.845402 0.840234 0.835028 0.829354 0.822486 0.811818 0.80225 0.798836 0.79521 0.788173 0.782252 0.776946 0.772207 0.767951 0.762523 0.7573 0.750947 0.743573 0.740108 0.738533 0.732367 0.724535 0.718401 0.710969 0.703934 0.700993 0.697684 0.694913 0.687559 0.68048 0.670248 0.668067 0.665313 0.66318 0.661057 0.655348 0.652035 0.647053 0.638946 0.63611 0.631948 0.628182 0.620212 0.618749 0.61623 0.611574 0.605154 0.596967 0.591236 0.589144 0.582718 0.576196 0.567893 0.561807 0.558243 0.553762 0.547213 0.541362 0.536955 0.527343 0.519082 0.514258 0.510426 0.507055 0.503185 0.497939 0.490959 0.483905 0.475193 0.470651 0.465984 0.46083 0.458225 0.453224 0.448913 0.443551 0.440423 0.438241 0.431473 0.426813 0.424375 0.419529 0.41671 0.41058 0.40209 0.399605 0.393395 0.390391 0.384283 0.380254 0.375602 0.369291 0.359882 0.356155 0.349891 0.345069 0.341394 0.339686 0.337705 0.336255 0.332326 0.330504 0.327985 0.326492 0.324184 0.320937 0.314308 0.310794 0.308584 0.306017 0.301184 0.300519 0.297461 0.295162 0.292556 0.290575 0.288027 0.285926 0.283127 0.280992 0.276034 0.273275 0.272721 0.269652 0.265469 0.262189 0.260258 0.259474 0.25715 0.254999 0.25256 0.250283 0.245419 0.243577 0.239544 0.23812 0.234474 0.230977 0.228212 0.22518 0.222831 0.220537 0.219083 0.215314 0.212783 0.209187 0.206664 0.201828 0.198028 0.192342 0.188201 0.186093 0.182788 0.179092 0.174607 0.171785 0.168054 0.165671 0.163859 0.16083 0.159891 0.158313 0.157628 0.155196 0.152193 0.149751 0.1466 0.145193 0.143013 0.141098 0.138599 0.136843 0.13509 0.134452 0.132972 0.132019 0.130841 0.12885 0.125543 0.122909 0.120698 0.119574 0.118041 0.116647 0.114219 0.111747 0.110018 0.10794 0.106516 0.103953 0.103618 0.101796 0.100286 0.0982599 0.0972796 0.0949428 0.0921206 0.0911393 0.0896433 0.0877871 0.0852191 0.0825011 0.0819839 0.0810816 0.080009 0.0781831 0.0762353 0.0745996 0.0728307 0.0716472 0.0704975 0.0670509 0.0655937 0.0629367 0.0596853 0.0569269 0.0561592 0.0544304 0.0529032 0.0513545 0.0494025 0.0485445 0.0479548 0.0467669 0.0444717 0.0424979 0.041189 0.0407932 0.0399238 0.0393567 0.0383824 0.0374171 0.0368066 0.0351491 0.0326675 0.0317616 0.0305894 0.0301748 0.0290934 0.0280011 0.0265153 0.025039 0.0242984 0.0236443 0.0225485 0.0216505 0.0201878 0.0196834 0.0180309 0.0173202 0.0163133 0.015196 0.0141001 0.0126106 0.011365 0.0110415 0.0104238 0.00964602 0.0083257 0.00752026 0.0062417 0.00530241 0.00380343 0.00327673 0.00214185 0.000969505 0.0 4.61251e-06 0.0 0.0 0.0 0.0 0.0 0.0 0.0
0.0 0.0 0.0 0.0
0.0 0.0 0.0
0.0 0.0 0.0
0.0 0.0 0.0
0.0 0.0 0.0
0.0 0.0 0.0
0.0 0.0 0.0
0.0 0.0 0.0
0.0 0.0 0.0 0.0
10.975 10.945 10.88 10.8341 10.7571 10.6901 10.6169 10.5416 10.4524 10.3909 10.2947 10.2205 10.1455 10.0877 10.0048 9.94249 9.85841 9.77566 9.71463 9.665 9.56702 9.44879 9.37835 9.28762 9.2116 9.17016 9.08833 9.01825 8.90032 8.821 8.73515 8.6445 8.57848 8.52144 8.48119 8.39517 8.31146 8.25187 8.1644 8.14246 8.07637 7.99821 7.85217 7.75628 7.71366 7.58669 7.55359 7.48441 7.42762 7.34063 7.2861 7.1933 7.1239 7.05212 6.96729 6.92776 6.88598 6.85928 6.78126 6.70961 6.68308 6.59539 6.54069 6.45848 6.36587 6.26402 6.21433 6.14898 6.04327 5.97042 5.88334 5.76575 5.67161 5.597 5.54692 5.48976 5.41848 5.37546 5.30192 5.23662 5.15482 5.11131 5.04771 4.98636 4.91162 4.82441 4.78849 4.74133 4.69722 4.61756 4.54135 4.47441 4.43453 4.36613 4.29661 4.21693 4.10952 4.04308 3.96639 3.90175 3.83583 3.78637 3.72711 3.66888 3.61779 3.59326 3.49996 3.44653 3.36774 3.29484 3.25349 3.19949 3.15181 3.08561 3.04359 3.00525 2.96847 2.90464 2.85426 2.79196 2.7297 2.68275 2.64283 2.59223 2.53175 2.48721 2.45105 2.39266 2.35774 2.28153 2.23283 2.19627 2.15022 2.09987 2.06092 2.02354 1.94023 1.90804 1.84644 1.77082 1.72818 1.6653 1.60092 1.56706 1.54496 1.4937 1.47998 1.44013 1.35206 1.27686 1.20295 1.16827 1.12846 1.09127 1.07905 1.05059 1.0226 0.986838 0.958921 0.924975 0.900434 0.873307 0.844185 0.816761 0.774576 0.755628 0.710612 0.665477 0.617867 0.565758 0.516273 0.491248 0.474207 0.445859 0.410136 0.376633 0.323393 0.303946 0.273514 0.246444 0.215648 0.192391 0.177343 0.161208 0.150428 0.122149 0.0993733 0.0803869 0.061485 0.0541231 0.043891 0.0316445 0.0221273 0.0124686 0.00722301 0.00458451 0.000937185 0.0 0.0 0.0
1.90855 1.87729 1.85732 1.82026 1.80715 1.74593 1.71237 1.68276 1.63079 1.61776 1.5448 1.53316 1.51352 1.46018 1.36019 1.33745 1.31336 1.26101 1.23833 1.19724 1.17873 1.16086 1.11467 1.09073 1.04428 1.01816 0.958056 0.932103 0.90407 0.869821 0.855584 0.821142 0.792136 0.751895 0.711937 0.692636 0.669406 0.639805 0.616985 0.589804 0.557749 0.505578 0.453093 0.432302 0.392244 0.3804 0.364614 0.34477 0.326278 0.308826 0.302764 0.290402 0.27914 0.2568 0.241882 0.228747 0.207849 0.190162 0.187705 0.182195 0.17252 0.166499 0.159687 0.155426 0.144339 0.142229 0.141415 0.138884 0.136137 0.133489 0.129048 0.125785 0.119003 0.116639 0.114294 0.113533 0.111507 0.109669 0.107853 0.106691 0.105599 0.104155 0.103211 0.101114 0.0989914 0.0978392 0.0955814 0.0932857 0.0905882 0.0887255 0.0863341 0.0846068 0.0824688 0.0810526 0.0788938 0.0756459 0.074262 0.0722035 0.0709379 0.070048 0.0682245 0.06457 0.0627625 0.0619934 0.0608375 0.0593565 0.0578943 0.0560958 0.0535636 0.0515701 0.0498869 0.0466632 0.0458143 0.0428107 0.0421103 0.0411094 0.0411442 0.039564 0.0394518 0.0396309 0.0379103 0.037346 0.0351262 0.03405 0.0333894 0.0321614 0.0296859 0.0292439 0.0282348 0.027197 0.0252797 0.0239115 0.0230197 0.0230005 0.0215399 0.0206987 0.020353 0.0197894 0.0189028 0.0178388 0.0165247 0.0159103 0.0148895 0.0132566 0.0129499 0.0123117 0.0108948 0.00999344 0.0092815 0.00794062 0.00714994 0.00608159 0.00530374 0.00427978 0.00390982 0.00266673 0.00150624 0.000977581 0.000115039 0.0 0.0 0.0 0.0 0.0 0.0 0.0 0.00010107 0.0 5.14529e-05 0.0 0.000404727 0.0 0.0 5.40977e-05 0.0 0.0 0.000621033 0.0 0.0 0.0
0.0 0.0 0.0 0.0
0.0 0.0 0.0 0.0 0.0 0.0
0.0 0.0 0.0 0.0 0.0
0.0 0.0 0.0 0.0 0.0
0.0 0.0 0.0
0.0 0.0 0.0 0.0
0.0 0.0 0.0 0.0
0.0 0.0 0.0
0.0 0.0 0.0
0.0 0.0 0.0 0.0 0.0
0.0 0.0 0.0 0.0
0.0 0.0 0.0
0.0 0.0 0.0 0.0 0.0
0.0 0.0 0.0 0.0 0.0 0.0 0.0
0.0 0.0 0.0 0.0
0.0 0.0 0.0
0.0 0.0 0.0 0.0
0.0 0.0 0.0
0.946859 0.94483 0.946902 0.944284 0.94418 0.947048 0.943549 0.934978 0.932107 0.931565 0.930257 0.925336 0.93009 0.919503 0.913782 0.903363 0.890272 0.887324 0.882973 0.878723 0.869023 0.861105 0.860479 0.861586 0.857438 0.852236 0.846797 0.845875 0.844273 0.83605 0.832411 0.832096 0.82684 0.823692 0.819514 0.815927 0.813728 0.807346 0.808979 0.807232 0.805337 0.800709 0.793198 0.784649 0.780317 0.781302 0.772585 0.766381 0.758673 0.750957 0.744896 0.741822 0.737573 0.732512 0.723478 0.713674 0.70669 0.702442 0.699268 0.697359 0.688736 0.684665 0.680022 0.676943 0.669186 0.665313 0.661813 0.655513 0.655308 0.650904 0.647896 0.643898 0.641065 0.63944 0.633967 0.63379 0.62829 0.625587 0.621454 0.619521 0.613557 0.604439 0.595571 0.587791 0.581458 0.57064 0.556911 0.552179 0.548535 0.545164 0.544163 0.533277 0.530058 0.524335 0.520562 0.509807 0.507119 0.506222 0.504676 0.502367 0.495317 0.491178 0.486084 0.47659 0.470521 0.471409 0.466063 0.461843 0.45972 0.452804 0.450095 0.444336 0.442164 0.440956 0.433464 0.43039 0.425071 0.416067 0.404842 0.396328 0.391703 0.386428 0.383491 0.382271 0.378543 0.373826 0.372798 0.370249 0.367914 0.366941 0.362024 0.359495 0.352807 0.348966 0.348977 0.343732 0.343437 0.33968 0.33223 0.324386 0.321535 0.3199 0.319165 0.318399 0.313577 0.307749 0.305332 0.304043 0.299104 0.296626 0.289765 0.287243 0.285197 0.285077 0.284854 0.283756 0.284416 0.282025 0.279739 0.272434 0.265812 0.260826 0.256155 0.254835 0.250271 0.248766 0.242546 0.238862 0.238311 0.236288 0.230936 0.227835 0.22431 0.222585 0.219036 0.217455 0.213312 0.210922 0.206263 0.204006 0.203974 0.202906 0.199932 0.195654 0.194147 0.192387 0.191159 0.187361 0.185754 0.184897 0.178862 0.17593 0.174345 0.174172 0.174199 0.172225 0.170245 0.170683 0.167275 0.167213 0.163781 0.163439 0.163658 0.163914 0.160885 0.159253 0.15778 0.154115 0.151637 0.151401 0.151558 0.150495 0.148499 0.147636 0.146961 0.14423 0.142299 0.141114 0.139377 0.136605 0.134002 0.134046 0.129702 0.12897 0.125826 0.12514 0.122911 0.121753 0.119149 0.119354 0.118688 0.117266 0.113619 0.113507 0.111759 0.109451 0.109299 0.109766 0.107882 0.105311 0.103034 0.102402 0.0992291 0.0951963 0.0913241 0.0915246 0.0909365 0.087938 0.0867995 0.0868273 0.0859291 0.0844321 0.0834776 0.0830372 0.0815955 0.0810447 0.0813877 0.0793739 0.0779268 0.0771704 0.0769079 0.0761682 0.0750718 0.0750688 0.0742813 0.0732259 0.0722458 0.072353 0.0706948 0.0684627 0.0668076 0.0667164 0.0665968 0.0661939 0.0659081 0.066446 0.0640721 0.063335 0.0637679 0.062083 0.0619892 0.0608043 0.0609522 0.0604818 0.0595614 0.0592363 0.0575635 0.0572628 0.0552894 0.0549962 0.0544214 0.0542345 0.0542444 0.0541783 0.0541482 0.0541387 0.0533055 0.0509492 0.0495747 0.0490584 0.0489983 0.0489335 0.0492238 0.0482896 0.0475372 0.0478556 0.048092 0.0478727 0.0481393 0.0467977 0.0457272 0.0459251 0.0438805 0.0432127 0.0430235 0.0410688 0.0405756 0.0386642 0.0384363 0.0383491 0.0364428 0.0347059 0.0354708 0.0352136 0.0342455 0.032846 0.0327261 0.0305862 0.030416 0.0301896 0.0301893 0.029145 0.0279271 0.0261347 0.0260126 0.0257721 0.0260881 0.0260624 0.0253293 0.0248573 0.0248304 0.0238888 0.0241996 0.0240788 0.0233878 0.0230519 0.0224689 0.0214907 0.0212908 0.0215407 0.021414 0.0211045 0.0204086 0.0195031 0.018871 0.0188261 0.0178294 0.0180909 0.0180527 0.0178442 0.0170758 0.0162122 0.015078 0.015284 0.0150417 0.0151945 0.0136345 0.0143916 0.0144692 0.013489 0.0130365 0.0126606 0.0121447 0.011029 0.00976754 0.00958144 0.00927231 0.00948235 0.0095277 0.00901692 0.00887613 0.00888247 0.00808036 0.00690694 0.00625737 0.00642684 0.00623519 0.00618743 0.00562346 0.00592561 0.00453001 0.00474516 0.00451402 0.00446497 0.00442287 0.004023 0.00469878 0.00350061 0.00318512 0.00328973 0.00327355 0.00337356 0.00178724 0.00128569 0.000814316 0.0 0.0 0.0 0.0 0.0
11.9979 11.9581 11.9425 11.9133 11.8503 11.8277 11.7783 11.7279 11.7001 11.685 11.6735 11.6141 11.5505 11.4998 11.4575 11.4113 11.3789 11.3233 11.283 11.2108 11.1289 11.095 11.0542 11.0123 10.9936 10.9631 10.885 10.856 10.8054 10.7702 10.7459 10.6928 10.6623 10.6012 10.5912 10.5427 10.4902 10.4785 10.4333 10.4092 10.3486 10.3125 10.2903 10.2649 10.2242 10.2091 10.1926 10.1483 10.0835 10.0426 10.0129 9.97303 9.93728 9.89964 9.84108 9.80736 9.79993 9.75877 9.72224 9.68637 9.63293 9.60114 9.56427 9.54181 9.52396 9.48064 9.44313 9.39212 9.37388 9.34689 9.31261 9.25106 9.20346 9.16435 9.14542 9.12192 9.07057 9.03146 8.96371 8.91048 8.89943 8.83658 8.79579 8.72878 8.69386 8.67141 8.63142 8.58236 8.5497 8.53018 8.49675 8.46199 8.43445 8.41163 8.35191 8.2917 8.23134 8.12751 8.07564 8.02364 7.97186 7.92553 7.85541 7.81097 7.80281 7.7687 7.69829 7.69166 7.65086 7.6029 7.57468 7.51609 7.50403 7.46118 7.45777 7.4434 7.38233 7.3688 7.35965 7.3255 7.28922 7.26391 7.23694 7.22551 7.17953 7.14822 7.11594 7.07875 7.04313 7.0087 6.99806 6.94759 6.89783 6.87649 6.85587 6.83613 6.81609 6.79887 6.73013 6.68634 6.65317 6.60563 6.54855 6.51267 6.47718 6.42659 6.41578 6.36541 6.35576 6.31048 6.28528 6.18876 6.14987 6.08523 6.03385 5.98617 5.91006 5.88702 5.85313 5.82557 5.77758 5.73558 5.71202 5.64305 5.61116 5.55935 5.52787 5.49157 5.44088 5.39743 5.37963 5.33671 5.32355 5.30267 5.24951 5.19509 5.13855 5.10182 5.0654 5.03971 5.00058 4.94875 4.87861 4.84068 4.80067 4.71919 4.69654 4.67867 4.62699 4.56022 4.55341 4.52574 4.49268 4.47447 4.43815 4.37689 4.35378 4.31297 4.28381 4.2623 4.23161 4.19566 4.1687 4.09542 4.03628 4.00523 3.97775 3.92973 3.8788 3.82805 3.79733 3.75337 3.70407 3.6244 3.60388 3.53332 3.45872 3.4113 3.35442 3.29577 3.27472 3.25334 3.20988 3.16359 3.11106 3.07131 3.06044 3.01442 2.96921 2.91425 2.88124 2.85314 2.82789 2.78356 2.74954 2.70656 2.68093 2.64374 2.63495 2.58187 2.53398 2.48077 2.46316 2.37495 2.30518 2.25667 2.17116 2.12897 2.10655 2.02558 2.00732 1.93567 1.91674 1.85965 1.80929 1.7784 1.74582 1.72404 1.70076 1.68448 1.65312 1.61203 1.5385 1.49304 1.44167 1.37418 1.34548 1.30856 1.25255 1.21861 1.17382 1.13514 1.12418 1.09235 1.07042 1.03358 0.974671 0.926794 0.895356 0.879457 0.86037 0.835413 0.818517 0.799063 0.760768 0.725561 0.721566 0.717791 0.711945 0.691473 0.675811 0.651672 0.635929 0.622622 0.609998 0.603932 0.586955 0.558222 0.542707 0.518195 0.507375 0.493583 0.482696 0.468623 0.450086 0.430028 0.416544 0.410372 0.398544 0.383251 0.373746 0.356937 0.341758 0.334885 0.328115 0.31568 0.304194 0.294356 0.289939 0.278006 0.264938 0.256465 0.251272 0.241248 0.224058 0.207509 0.204526 0.193117 0.185462 0.182158 0.17379 0.163514 0.158426 0.151218 0.142424 0.136259 0.126543 0.11949 0.110061 0.103679 0.0996181 0.0957046 0.0900024 0.0862026 0.0842029 0.081264 0.0785107 0.0769784 0.0717801 0.064232 0.0593212 0.0525651 0.0460423 0.0411641 0.0367143 0.0313941 0.0280151 0.026722 0.0224955 0.0195454 0.0170598 0.0135105 0.0107032 0.00943515 0.00796122 0.00652043 0.00507913 0.00410784 0.00263098 0.00227594 0.00157272 0.00103612 0.0 0.0 0.0 0.0 0.0 0.0 0.0
0.271277 0.269099 0.267975 0.265534 0.26605 0.261216 0.261003 0.259877 0.256167 0.254126 0.253234 0.25478 0.254826 0.252558 0.250267 0.249275 0.248673 0.248143 0.245735 0.242086 0.236477 0.236632 0.234473 0.233646 0.231864 0.228041 0.225931 0.225895 0.22658 0.226264 0.226411 0.226401 0.226024 0.223786 0.223568 0.22269 0.221222 0.218835 0.218599 0.216599 0.214992 0.210558 0.209763 0.207306 0.20553 0.205917 0.205177 0.203521 0.200913 0.199119 0.197194 0.197296 0.195668 0.193535 0.190609 0.191948 0.192238 0.191687 0.189804 0.188048 0.184736 0.181076 0.17973 0.180208 0.179236 0.178317 0.176973 0.175005 0.175541 0.174636 0.174652 0.172665 0.170238 0.169532 0.168733 0.166597 0.164712 0.163535 0.160763 0.160988 0.158477 0.154272 0.152118 0.151752 0.149625 0.147751 0.145861 0.144996 0.143641 0.141875 0.142713 0.140699 0.14068 0.139573 0.139547 0.140549 0.13949 0.139739 0.13969 0.139513 0.137848 0.13592 0.134745 0.13467 0.132085 0.132096 0.131543 0.130814 0.130015 0.128799 0.127741 0.126134 0.124738 0.123861 0.122289 0.121939 0.121739 0.118719 0.118019 0.115361 0.112448 0.111728 0.111055 0.110174 0.10867 0.107405 0.108059 0.107563 0.10627 0.105905 0.104205 0.102021 0.0994003 0.0995044 0.0996026 0.100319 0.10005 0.099505 0.0958394 0.0932082 0.0914725 0.0913557 0.0905642 0.0905992 0.0904499 0.0908477 0.0892076 0.0892594 0.0898105 0.0884233 0.0862614 0.0857212 0.0836154 0.0812137 0.0801527 0.0800555 0.0767088 0.0767522 0.0761775 0.0728216 0.0710304 0.0696936 0.0698751 0.0679494 0.0658925 0.0653287 0.0637586 0.0628528 0.0613755 0.0615801 0.0593492 0.0589263 0.0581833 0.0582346 0.0573567 0.0563816 0.0551895 0.0530706 0.0519536 0.0508068 0.050407 0.049634 0.0498736 0.0488502 0.0466792 0.046557 0.0448774 0.0430289 0.0419795 0.0410055 0.0404285 0.0400101 0.0394499 0.0391529 0.0383338 0.0380659 0.0373022 0.0369269 0.0357951 0.0361829 0.0366209 0.0364102 0.0359906 0.0362535 0.0357932 0.0357318 0.03537 0.0347217 0.0346938 0.0342784 0.0338632 0.0340447 0.0328235 0.0322851 0.0325089 0.0315677 0.0309026 0.0299662 0.0287826 0.0282734 0.0271803 0.0270917 0.0260193 0.0261615 0.0263591 0.0264449 0.0254095 0.025014 0.0240854 0.0235014 0.0235145 0.022317 0.0197537 0.0189191 0.018856 0.0186897 0.018693 0.0187177 0.0186427 0.0179449 0.0176092 0.017628 0.0174558 0.0173734 0.016623 0.0167749 0.0167053 0.0158535 0.0163357 0.0162627 0.0161754 0.0156546 0.0154824 0.0157088 0.0159004 0.0157012 0.0151023 0.0155169 0.014987 0.014951 0.0150431 0.0153629 0.0154652 0.0153715 0.0151367 0.0148615 0.0152023 0.0151757 0.0150802 0.0146354 0.0149201 0.0146033 0.0148091 0.0145476 0.0146264 0.0145431 0.0147015 0.0148107 0.0148336 0.0146807 0.0143345 0.0142187 0.0143138 0.0144418 0.0138825 0.0141696 0.0143799 0.0148312 0.014379 0.0144739 0.0144187 0.0144019 0.0144972 0.0145977 0.0147824 0.0152448 0.0151222 0.0144949 0.0139406 0.0141739 0.0136152 0.0133797 0.0131206 0.0128169 0.0125273 0.012297 0.0124282 0.0125821 0.0123186 0.0127312 0.0123751 0.012273 0.0125585 0.0125294 0.0125899 0.0130284 0.0130134 0.0129752 0.0129207 0.0128087 0.0126391 0.0130121 0.0128322 0.0126992 0.0125017 0.0125995 0.0124931 0.0129833 0.0132434 0.0133039 0.0132562 0.0131396 0.0131695 0.0131354 0.012935 0.0123488 0.0119653 0.0117486 0.0111882 0.0112254 0.010973 0.0105764 0.0105804 0.00986804 0.00947292 0.00898513 0.00874788 0.00858965 0.00856944 0.00776335 0.00785902 0.00793556 0.00753578 0.0071946 0.0068095 0.00613461 0.00648867 0.00626938 0.00607709 0.00632552 0.00623208 0.00529411 0.0045988 0.00457961 0.00436833 0.0041264 0.00436278 0.00418501 0.00463378 0.00504681 0.00492968 0.00544549 0.00464698 0.00457129 0.0044875 0.00394035 0.0040351 0.00437122 0.00431801 0.00432042 0.00441448 0.00480527 0.00498653 0.0045296 0.00495243 0.0046686 0.00371781 0.00406934 0.00392061 0.00331293 0.00326761 0.00273542 0.00292828 0.00314178 0.00315172 0.00301241 0.00273668 0.00224875 0.00220091 0.00219042 0.00193094 0.00229909 0.00218671 0.00223362 0.00227322 0.00268281 0.00203647 0.00227024 0.00243292 0.00254067 0.00263492 0.00212835 0.00199099 0.00181535 0.00125756 0.000811229 0.000636193 0.000250572 0.0 0.0 0.0 0.0
0.10161 0.100997 0.100158 0.0988964 0.0973605 0.0947697 0.0938617 0.0922746 0.0902085 0.0892841 0.0877419 0.0876239 0.0871461 0.0853154 0.0839108 0.0819266 0.0792579 0.0783838 0.0763785 0.0744612 0.0715278 0.0698411 0.0678754 0.0669159 0.0662062 0.064954 0.0635598 0.0635159 0.061919 0.0601691 0.0582978 0.0583046 0.0566542 0.0550963 0.0543516 0.0532997 0.0525494 0.0509609 0.0509449 0.0489632 0.0482062 0.0464755 0.0461857 0.0458742 0.0447561 0.0445393 0.0440671 0.0435612 0.0426533 0.042176 0.0413787 0.0407076 0.0407272 0.0394714 0.0381233 0.0372646 0.0365692 0.0356958 0.0346077 0.0338379 0.0326128 0.0317471 0.0306527 0.0301638 0.0291686 0.0280848 0.027963 0.0279813 0.0270146 0.0267066 0.0252477 0.0246192 0.023503 0.022745 0.0222088 0.0213516 0.0205599 0.0194713 0.018071 0.0174817 0.0168376 0.0153804 0.0149807 0.0149352 0.0143253 0.013843 0.0132999 0.013288 0.0130036 0.0125434 0.0124893 0.0124431 0.0124343 0.0123203 0.0122262 0.0117285 0.0120322 0.0120381 0.0117169 0.0114672 0.0112056 0.0108874 0.0105583 0.00998805 0.00980825 0.00940598 0.00891914 0.00892273 0.00853134 0.00818602 0.00763136 0.00709037 0.00678981 0.00658948 0.00626167 0.00621744 0.00577978 0.00537542 0.0051431 0.00442623 0.00394552 0.00380451 0.00376139 0.00353308 0.00343366 0.00280405 0.00254226 0.00233389 0.00190807 0.00192202 0.00109477 0.000587458 0.000700373 0.0 3.13941e-05 0.000101329 1.11857e-05 0.0 0.0
0.694032 0.691658 0.68509 0.680595 0.67475 0.667524 0.6644 0.658054 0.650437 0.644057 0.638728 0.637705 0.633708 0.628282 0.623931 0.617779 0.607714 0.602114 0.597178 0.590713 0.581024 0.573325 0.567003 0.562435 0.556749 0.551436 0.541903 0.538657 0.533343 0.525527 0.51915 0.515844 0.511338 0.506656 0.503434 0.500557 0.496157 0.491823 0.489813 0.483063 0.479953 0.473824 0.46926 0.464438 0.459623 0.458017 0.455547 0.452866 0.44878 0.44244 0.438472 0.43607 0.434092 0.428748 0.423825 0.419048 0.416778 0.413931 0.407213 0.402982 0.395561 0.392278 0.38849 0.386344 0.381132 0.377552 0.373071 0.371654 0.3687 0.364867 0.360935 0.358571 0.35563 0.35322 0.350932 0.348013 0.342859 0.338289 0.33315 0.330353 0.32688 0.321508 0.317479 0.315199 0.312576 0.309946 0.305114 0.304752 0.303499 0.298703 0.294587 0.290563 0.287721 0.284547 0.281529 0.279724 0.276995 0.275577 0.271844 0.268824 0.268028 0.266346 0.263455 0.258181 0.254584 0.249286 0.24516 0.243707 0.239621 0.237677 0.234315 0.230694 0.227539 0.225276 0.221222 0.217732 0.21549 0.211251 0.205392 0.202087 0.19837 0.195963 0.195164 0.192929 0.191103 0.186309 0.184699 0.183128 0.180918 0.180466 0.177136 0.174595 0.172043 0.168946 0.168132 0.165513 0.163023 0.16066 0.158145 0.157198 0.155958 0.153744 0.15046 0.148908 0.146509 0.144814 0.143132 0.141628 0.138285 0.136191 0.133306 0.131835 0.129516 0.127099 0.125057 0.122926 0.121075 0.11878 0.117322 0.116326 0.113727 0.11066 0.107833 0.107144 0.106346 0.105436 0.10317 0.100713 0.0988621 0.0966411 0.0954733 0.0943365 0.0923051 0.0913278 0.089694 0.0887162 0.0867614 0.0846429 0.0824422 0.0814796 0.0804388 0.0780933 0.0770306 0.075241 0.0741243 0.073158 0.0707894 0.0691283 0.0665949 0.0646671 0.0622659 0.0605043 0.0598338 0.0591332 0.0573924 0.0549798 0.0539666 0.0515447 0.0497356 0.0470397 0.0453894 0.0430135 0.0419177 0.0401792 0.0383037 0.0377369 0.0370013 0.0354061 0.0342095 0.0331106 0.0320016 0.031028 0.0293214 0.0281276 0.0275341 0.0270813 0.0259143 0.0240456 0.0221284 0.0224424 0.0215158 0.021441 0.0207101 0.0203936 0.0189486 0.0181235 0.0179118 0.0172093 0.0165006 0.0153083 0.0152327 0.0147629 0.013544 0.0122296 0.0120461 0.0111041 0.0109228 0.0102214 0.00979189 0.0089619 0.00841214 0.00805285 0.0075438 0.00708609 0.00678199 0.00678681 0.00547087 0.00542805 0.00515368 0.00507482 0.00466407 0.00389652 0.00346554 0.00291043 0.00230343 0.00164635 0.00120695 0.0 0.0 0.0 0.0 0.0 2.42173e-06 0.0 0.0
39.1714 39.0173 38.6068 38.4646 38.1957 37.9295 37.6701 37.4326 36.9886 36.6113 36.3087 36.0412 35.4138 35.1975 34.8272 34.3149 33.8369 33.4578 32.9964 32.3535 32.1659 31.8211 31.1574 30.8824 30.7774 30.4764 30.0982 29.7699 29.6219 29.3173 28.9964 28.7933 28.6154 28.3041 27.6691 27.383 27.1642 26.8335 26.708 26.1896 26.1272 25.8111 25.6782 25.3766 24.7107 24.4182 24.0679 23.9191 23.8626 23.3812 23.1607 22.9955 22.8835 22.5513 22.1934 21.9959 21.8939 21.816 21.3822 21.1742 20.8516 20.6923 20.3141 19.8048 19.5132 19.1732 18.8883 18.6494 18.5247 18.1992 17.9043 17.7149 17.4835 17.2468 16.8821 16.5917 16.4478 16.0781 15.9518 15.7211 15.4157 15.2651 15.089 14.9067 14.772 14.6826 14.4522 14.3343 14.1217 13.9084 13.7508 13.5721 13.4781 13.3484 13.2788 13.1212 12.9712 12.8151 12.6651 12.5334 12.4582 12.3086 12.1925 12.09 11.9643 11.8104 11.7132 11.6584 11.5623 11.4746 11.403 11.284 11.1805 11.1084 10.9619 10.9008 10.7578 10.671 10.5952 10.565 10.5049 10.4213 10.4106 10.3613 10.3509 10.3291 10.2981 10.2668 10.2364 10.2002 10.182 10.125 10.0825 10.0673 10.0576 10.0173 9.99172 9.95533 9.90884 9.86755 9.80056 9.76061 9.72049 9.69756 9.67532 9.64637 9.61983 9.59804 9.55928 9.5168 9.48798 9.44848 9.39275 9.33148 9.30512 9.27648 9.22881 9.21636 9.18118 9.11508 9.06304 9.01451 8.99169 8.93482 8.88887 8.84859 8.81159 8.78112 8.75952 8.7398 8.68741 8.65574 8.64323 8.61417 8.60042 8.57109 8.52017 8.47747 8.43674 8.40356 8.36347 8.29979 8.27307 8.22988 8.19749 8.16395 8.11324 8.07606 8.05023 8.02075 7.98331 7.92517 7.89276 7.84563 7.81092 7.79253 7.76198 7.71863 7.69954 7.6505 7.62051 7.58246 7.52449 7.48609 7.43172 7.39811 7.37808 7.34833 7.29982 7.27199 7.24855 7.20517 7.13726 7.09857 7.07314 7.02943 6.98486 6.94158 6.8963 6.86252 6.82792 6.78859 6.75836 6.70611 6.64169 6.62127 6.59838 6.53328 6.4978 6.48147 6.4506 6.42934 6.3818 6.35045 6.30418 6.27076 6.23333 6.20514 6.16886 6.12619 6.09508 6.07241 6.05679 6.03205 5.98171 5.94405 5.92778 5.87857 5.85238 5.81644 5.80283 5.78009 5.7491 5.72492 5.67413 5.6331 5.59622 5.54694 5.51233 5.48542 5.46171 5.44142 5.3982 5.37882 5.35959 5.33491 5.33116 5.30663 5.26676 5.22913 5.21435 5.20509 5.17125 5.14323 5.09878 5.0444 4.9968 4.9566 4.91736 4.87877 4.85266 4.83434 4.80289 4.76325 4.72763 4.69775 4.65978 4.644 4.59409 4.5706 4.52399 4.51459 4.48785 4.45979 4.42953 4.39186 4.37709 4.34766 4.32901 4.30881 4.29345 4.27105 4.25619 4.20559 4.19102 4.14238 4.12057 4.09877 4.07083 4.02201 3.98985 3.96656 3.94003 3.9123 3.8802 3.85096 3.83094 3.81208 3.80392 3.78635 3.77415 3.7348 3.70582 3.67919 3.65638 3.62052 3.5823 3.54953 3.52707 3.49938 3.49751 3.48781 3.46476 3.43664 3.42223 3.38856 3.38006 3.35553 3.33268 3.29708 3.27076 3.25392 3.23358 3.20414 3.1663 3.157 3.10406 3.09502 3.07321 3.0609 3.05303 3.03647 3.01535 2.99562 2.96951 2.9294 2.88794 2.86406 2.85408 2.82438 2.79074 2.77113 2.75622 2.72709 2.71983 2.70409 2.67229 2.65104 2.63285 2.59197 2.57204 2.5463 2.52603 2.51555 2.49137 2.4713 2.46033 2.44551 2.42696 2.40829 2.38917 2.37428 2.35846 2.34919 2.33703 2.32561 2.31655 2.30327 2.27776 2.26741 2.23714 2.22755 2.21853 2.205 2.19468 2.17812 2.17048 2.16465 2.16254 2.14197 2.13284 2.10671 2.08489 2.07329 2.06147 2.05405 2.03261 2.01735 2.0043 1.99111 1.97558 1.97088 1.95383 1.94148 1.93411 1.9207 1.9092 1.90156 1.8855 1.86838 1.85099 1.83918 1.8257 1.8172 1.79805 1.7892 1.77019 1.75594 1.74424 1.74053 1.72966 1.72465 1.71169 1.69332 1.68498 1.66909 1.66025 1.65413 1.64301 1.63386 1.62634 1.61354 1.59816 1.59147 1.58618 1.57922 1.55948 1.55516 1.54993 1.54179 1.53254 1.51797 1.50568 1.49799 1.47912 1.45671 1.43258 1.41861 1.41061 1.40228 1.39459 1.37681 1.37532 1.36141 1.35568 1.35311 1.34632 1.33755 1.31789 1.30753 1.30192 1.29312 1.28427 1.28088 1.26591 1.2523 1.23542 1.22796 1.21156 1.19828 1.1911 1.18032 1.16795 1.15527 1.15109 1.14412 1.14076 1.13686 1.1315 1.11508 1.10739 1.09626 1.08572 1.07707 1.06793 1.05474 1.047 1.04598 1.03714 1.02509 1.01677 1.0073 0.991424 0.98444 0.979008 0.956804 0.950986 0.941452 0.936927 0.929115 0.923412 0.91869 0.911932 0.90384 0.898375 0.894493 0.887328 0.875767 0.869071 0.863586 0.861378 0.857153 0.847435 0.838534 0.833986 0.830161 0.823021 0.813594 0.807905 0.805114 0.798743 0.79591 0.78489 0.77703 0.763133 0.757417 0.75445 0.745468 0.731213 0.725134 0.717675 0.706503 0.69154 0.682916 0.677595 0.674707 0.671413 0.663894 0.655818 0.650241 0.641471 0.632928 0.620514 0.613068 0.606373 0.600071 0.593306 0.586603 0.578326 0.570542 0.563318 0.560269 0.557286 0.550009 0.542994 0.536009 0.530769 0.521347 0.517109 0.511018 0.506218 0.501875 0.499637 0.492787 0.487199 0.481181 0.476164 0.473399 0.465307 0.46074 0.453658 0.451124 0.447693 0.445652 0.443247 0.434473 0.428022 0.424463 0.420356 0.418867 0.414419 0.407909 0.402427 0.398851 0.391569 0.386641 0.383288 0.376078 0.371777 0.367519 0.362803 0.357562 0.353309 0.350426 0.345319 0.341581 0.337607 0.331417 0.324979 0.319214 0.317193 0.31158 0.305069 0.304427 0.302568 0.298843 0.292385 0.288852 0.285749 0.280207 0.277472 0.27057 0.26688 0.262249 0.256111 0.252348 0.241565 0.239923 0.238131 0.23633 0.228958 0.226063 0.224079 0.222481 0.217814 0.216567 0.215112 0.211378 0.209343 0.206831 0.203943 0.202066 0.200498 0.199103 0.196528 0.191598 0.189906 0.185446 0.183539 0.179614 0.176709 0.175678 0.173797 0.172076 0.169004 0.166842 0.16413 0.161666 0.159195 0.15763 0.15556 0.154986 0.153487 0.14937 0.147412 0.143679 0.143819 0.13983 0.136669 0.131569 0.13113 0.127478 0.126854 0.124113 0.122621 0.119029 0.116317 0.113868 0.112623 0.109758 0.106567 0.10388 0.10238 0.100818 0.0989991 0.0958744 0.0929911 0.0911125 0.0895581 0.0878932 0.0857962 0.0832298 0.0834139 0.0809197 0.076942 0.0760595 0.0748449 0.0722982 0.0711711 0.0701313 0.0700086 0.0670265 0.06485 0.0629332 0.0597154 0.0579131 0.0534344 0.0523122 0.0516129 0.0506049 0.0495004 0.0469861 0.0451818 0.04314 0.0425708 0.0412865 0.0411436 0.0396025 0.0386384 0.0381171 0.0371671 0.0370022 0.0365059 0.0325279 0.0305525 0.0300486 0.0289446 0.0292107 0.0279989 0.0282632 0.0281179 0.0266129 0.0258092 0.0253005 0.0248775 0.023334 0.0239334 0.0231262 0.0222563 0.0221585 0.0212748 0.0203547 0.0204265 0.0182354 0.0183899 0.0179949 0.0168805 0.0164769 0.0148982 0.0146928 0.0136832 0.0129002 0.0130421 0.0120986 0.0113701 0.011264 0.0105954 0.010739 0.00993805 0.0099809 0.00985659 0.00967269 0.0100973 0.00774307 0.00710497 0.00786732 0.00707978 0.00712488 0.00606299 0.00541224 0.00435083 0.00406383 0.00309634 0.00255335 0.00161754 0.0016533 0.000579265 0.000591367 0.000408681 0.000131163 0.000291664 0.0 0.0 0.0 0.0 0.0 8.83421e-05 0.000562353 0.0 0.0
0.0 0.0 0.0 0.0 0.0
0.0 0.0 0.0 0.0 0.0
0.0 0.0 0.0 0.0 0.0
0.976503 0.904106 0.850622 0.800599 0.687347 0.672393 0.632607 0.611973 0.545086 0.513108 0.48412 0.437675 0.380019 0.34722 0.313197 0.278212 0.247747 0.218703 0.203162 0.148699 0.13382 0.102156 0.0696796 0.0563876 0.0358718 0.0219961 0.0100523 0.0 0.00462198 0.0 0.00197122 0.0 0.00231911 0.0 0.0
