261.176551 0
-305.644467 61
-840.924236 61
-641.293702 61
400.767913 61
256.434921 61
253.553909 61
263.744916 61
-364.979687 61
76.26764 61
426.226777 61
420.599812 61
432.495956 61
421.119898 61
434.666089 61
364.635308 61
442.6913 61
435.674757 61
454.344433 61
468.34973 61
472.411099 61
468.079442 61
477.484297 61
490.005205 61
484.571142 61
495.645426 61
487.883164 61
493.711689 61
495.065249 61
501.046636 61
495.767792 61
498.047638 61
506.93105 61
514.08972 61
510.809803 61
510.835324 61
508.686955 61
511.143902 61
512.085174 61
515.98181 61
514.12169 61
515.600716 61
518.008991 61
521.316876 61
521.329328 61
518.25738 61
525.902054 61
518.202264 61
516.630666 61
522.096623 61
524.607602 61
528.638611 61
520.494313 61
525.32408 61
528.318145 61
527.704783 61
532.715543 61
520.921263 61
525.130668 61
521.350883 61
531.557812 61
527.931336 61
533.310923 61
529.298077 61
534.170011 61
531.709453 61
524.789087 61
535.193098 61
531.825846 61
533.205189 61
521.303062 61
536.90878 61
534.870965 61
534.929551 61
530.993948 61
542.000456 61
537.881121 61
536.589146 61
533.122201 61
535.704774 61
535.62746 61
535.331142 61
534.898892 61
532.43351 61
532.354464 61
530.642335 61
539.809348 61
535.59423 61
530.705696 61
534.268803 61
526.602846 61
535.142727 61
539.952546 61
523.635756 61
525.738952 61
524.22987 61
526.242851 61
538.710921 61
538.646555 61
530.451397 61
534.868704 61
531.6473751931903 61
527.1830478259706 61
534.3525370464092 61
531.236704823511 61
525.4346685779019 61
535.0765055337254 61
527.5442484647747 61
525.5692326744858 61
527.4897100477059 61
527.1345133667876 61
537.1912685365234 61
527.8193950516272 61
528.0938860233745 61
524.4040859957947 61
538.9585167264062 61
526.2092491105966 61
526.1054229184638 61
533.9604914624954 61
529.9846500071325 61
531.0257793636839 61
529.0281801996555 61
530.0581352185516 61
535.5442528904194 61
532.9844150094051 61
534.0624830890067 61
526.065911 61
532.713401 61
539.124705 61
535.428521 61
527.64988 61
535.885083 61
537.713458 61
532.379074 61
529.158761 61
538.540659 61
534.986083 61
528.872105 61
533.754631 61
528.113456 61
538.244637 61
534.725384 61
536.916488 61
527.207454 61
529.374071 61
528.062632 61
525.235611 61
525.64215 61
535.417672 61
529.673443 61
535.849167 61
524.774535 61
532.547526 61
524.047936 61
533.235271 61
526.410078 61
529.156927 61
529.081697 61
532.422177 61
528.436939 61
524.784124 61
532.258132 61
527.953142 61
526.360108 61
527.65144 61
529.726428 61
522.684718 61
527.946032 61
529.711424 61
529.534867 61
528.2594618166933 61
535.797485547038 61
531.7935929805399 61
526.6876500064201 61
528.8972284194621 61
527.8446809755085 61
532.7719896042249 61
531.3663366400766 61
530.8598308013974 61
531.8748671245173 61
531.9716008756583 61
531.7657654356824 61
527.3443876561261 61
529.1747871238887 61
526.794332297586 61
524.4834674021656 61
534.5185826526094 61
525.5574500890314 61
530.300165683919 61
532.1295222043104 61
524.496936727848 61
527.5426832485437 61
536.2021564446225 61
522.0505906818516 61
533.0960905625319 61
528.926342 61
523.217111 61
533.396835 61
535.936783 61
528.559845 61
