-5623.913784 0
-6569.208642 0
-5089.906453 0
-3746.287721 0
-3695.006572 0
-3408.976792 0
-2874.837374 0
-3869.343173 0
-4212.845891 0
-3831.065385 0
-4049.860109 0
-4471.551294 0
-3908.139873 0
-4234.525417 0
-3127.066097 0
-5269.354853 0
-6000.897874 0
-6732.770297 0
-7612.195335 0
-7126.209491 0
-7362.592609 0
-6242.128387 0
-6144.666606 0
-6251.208673 0
-6427.046413 0
-6014.780734 0
-6498.211923 0
-6248.425593 0
-6228.460011 0
-6499.129267 0
-6345.023572 0
-6049.36568 0
-6710.187282 0
-7620.247629 0
-8438.222945 0
-6974.018157 0
-5725.852287 0
-5423.070138 0
-5399.173611 0
-5839.129339 0
-9841.862887 0
-10863.06595 0
-11631.395867 0
-7977.264321 0
-3688.282718 0
-2928.904678 0
-3440.140067 0
-3391.879061 0
-4140.607436 0
-3958.756126 0
-3938.270597 0
-4957.323515 0
-4962.34411 0
-4365.339695 0
-4320.590638 0
-4137.089221 0
-3549.131424 0
-3020.721792 0
-2684.586665 0
-2641.398249 0
-2639.852494 0
-2557.055839 0
-2528.98639 0
-2550.437622 0
-2558.073925 0
-2570.619512 0
-2560.087864 0
-2597.374121 0
-2572.10716 0
-2580.374369 0
-2560.706095 0
-2574.049113 0
-2572.123436 0
-2547.45155 0
-2592.584227 0
-2525.421511 0
-2481.976369 0
-2466.581009 0
-2537.934122 0
-2498.605041 0
-2512.321549 0
-2561.920865 0
-2600.24692 0
-2584.496156 0
-2525.813114 0
-2495.373488 0
-2480.391828 0
-2600.928795 0
-2561.018622 0
-2559.126629 0
-2575.089668 0
-2554.897469 0
-2555.371363 0
-2540.250773 0
-2497.795373 0
-2582.953994 0
-2553.164034 0
-2552.018718 0
-2464.584155 0
-2425.096212 0
-2560.030848 0
-2833.863708 0
-2521.992653 0
-2532.108348 0
-2560.844862 0
-2438.355424 0
-2776.160488 0
-2887.090649 0
-2525.056915 0
-3013.325741 0
-2828.073197 0
-2929.279525 0
-2883.031549 0
-2505.446059 0
-2941.337408 0
-2967.73851 0
-3032.787607 0
-3121.139271 0
-3125.221937 0
-2963.803122 0
-3017.359744 0
-2609.526841 0
-2988.868245 0
-3098.193398 0
-2796.543559 0
-2986.197738 0
-2957.804534 0
-2871.071052 0
-2534.550971 0
-2368.860058 0
-2411.18157 0
-2523.495158 0
-2987.085608 0
-3079.57796 0
-3020.751909 0
-2497.263838 0
-2977.751138 0
-2450.670842 0
-2479.797752 0
-2443.097482 0
-2437.303824 0
-2445.795717 0
-2855.491125 0
-2933.926109 0
-2455.896381 0
-2496.951801 0
-2471.883843 0
-2977.886215 0
-2498.243858 0
-2423.03703 0
-2442.703235 0
-2370.964778 0
-2377.810768 0
-2453.219012 0
-2437.123281 0
-2429.976156 0
-2542.616323 0
-2520.177997 0
-2500.545429 0
-2442.26752 0
-2452.817526 0
-2460.255042 0
-2464.337065 0
-2456.237658 0
-2544.766401 0
-2555.604954 0
-2520.117739 0
-2546.36647 0
-2678.988896 0
-2500.577371 0
-2475.033744 0
-2524.631426 0
-2565.808122 0
-2472.412418 0
-2598.913414 0
-2539.129148 0
-2465.242699 0
-2501.893131 0
-2509.626156 0
-2526.514888 0
-2466.880263 0
-2533.318468 0
-2561.604858 0
-2522.545817 0
-2480.067895 0
-2511.121043 0
-2555.72688 0
-2491.337489 0
-2535.731944 0
-2530.110334 0
-2466.074092 0
-2542.88996 0
-2545.372882 0
-2542.517063 0
-2536.569692 0
-2522.20127 0
-2492.652736 0
-2490.889095 0
-2500.264207 0
-2466.996695 0
-2435.28028 0
-2579.343232 0
-2543.664471 0
-2522.0114 0
-2536.828133 0
-2500.513505 0
-2590.677091 0
-2500.381941 0
-2466.777297 0
-2453.309109 0
-2518.124938 0
-2435.0818530198003 0
-2484.216753907589 0
-2495.9604219248754 0
-2461.8332427852915 0
-2470.278450436467 0
-2476.6832733725896 0
-2477.5937935306383 0
-2532.2069671392583 0
-2483.2462523764375 0
-2446.9151879553137 0
-2473.1652478278497 0
-2462.745372440196 0
-2456.1780072973274 0
-2501.6255238484937 0
-2528.922371872299 0
-2487.941292985089 0
-2484.533118375733 0
-2511.058927926934 0
-2431.413402587229 0
-2442.066056537449 0
-2496.5399652435494 0
-2540.5364752116247 0
-2469.5906145928207 0
-2425.902544549386 0
-2466.192007163189 0
-2332.725505 0
-2382.482414 0
-2380.615552 0
-2313.66551 0
-2339.514366 0
-2374.259861 0
-2389.902124 0
-2280.260898 0
-2331.045627 0
-2381.009073 0
-2379.904462 0
-2313.63396 0
-2302.063665 0
-2345.612976 0
-2301.496642 0
-2329.434235 0
-2281.008519 0
-2259.073877 0
-2347.63356 0
-2293.656434 0
-2336.035136 0
-2249.087195 0
-2269.181303 0
-2274.94465 0
-2229.148031 0
-2242.494499 0
-2180.849919 0
-2319.155896 0
-2248.989392 0
-2224.309471 0
-2282.087377 0
-2312.505299 0
-2240.939603 0
-2312.267027 0
-2298.403557 0
-2300.80854 0
-2276.771017 0
-2354.335733 0
-2345.883846 0
-2300.631619 0
-2359.155727 0
-2317.843527 0
-2281.877925 0
-2207.458374 0
-2271.034775 0
-2186.651417 0
-2210.807195 0
-2307.454706 0
-2203.291132 0
-2172.054511 0
-2247.407506 0
-2226.58708 0
-2255.330652 0
-2318.025163 0
-2334.435966 0
-2388.504971 0
-2335.88058 0
-2344.874816 0
-2176.416031 0
-2351.500843 0
-2149.847126 0
-2223.157969 0
-2172.654052 0
-2231.537386 0
