-1896.591859 0
-1936.634253 0
-1189.013252 0
-1177.280801 0
-2391.031107 0
-2129.452439 0
-1729.384745 0
-933.117188 0
-881.68463 0
-1561.891495 0
-1645.453191 0
-1028.157815 0
-910.959387 0
-1017.801185 0
-923.223478 0
-711.452807 0
-841.702644 0
-815.887445 0
-570.588769 0
-708.231823 0
-755.97659 0
-532.810261 0
-571.540015 0
-702.222009 0
-462.255348 0
-666.90958 0
-776.222178 0
-674.423516 0
-159.140803 0
-563.144075 0
-731.37027 0
-680.050677 0
-599.52247 0
-624.052738 0
-438.473284 0
-652.110279 0
-397.447178 0
-659.703637 0
-551.832624 0
-198.957752 0
-391.131445 0
-406.785729 0
-479.650479 0
-182.103704 0
-397.111984 0
-74.946643 0
-219.276045 0
-666.484578 0
-226.283214 0
-103.151168 0
-294.896126 0
-74.696494 0
-138.399691 0
-629.284529 0
-109.734538 0
-265.971412 0
-459.472287 0
-469.300252 0
-243.751945 0
-82.400635 0
-303.702037 0
-103.46495 0
-248.694422 0
-236.366726 0
-206.3578 0
-150.894045 0
-220.939744 0
-210.689127 0
-223.38144 0
-197.501996 0
-49.157636 0
-228.971135 0
-121.893659 0
-264.865612 0
-266.089164 0
-34.237533 0
-224.587416 0
-90.801224 0
-160.065761 0
-209.888746 0
-214.410118 0
-127.601826 0
-121.856233 0
-186.990457 0
-48.62374 0
-60.186685 0
-26.70112 0
-118.541125 0
-179.064576 0
-13.161063 0
-104.752305 0
-107.442539 0
-136.490505 0
-196.72923 0
-142.079226 0
-111.535676 0
-96.828838 0
-176.582637 0
-160.274073 0
-31.566442 0
-57.700996 0
-138.305061 0
-148.387678 0
-97.680852 0
-63.327542 0
-78.977617 0
-133.026636 0
-117.861394 0
-130.391238 0
-122.883001 0
-144.472913 0
-63.443267 0
-128.667624 0
-160.135006 0
-9.428668 0
-74.791439 0
-188.950072 0
-61.524539 0
-133.445484 0
-66.55644 0
-135.34056 0
-120.411178 0
-98.012816 0
-28.899373 0
-119.008747 0
-112.102971 0
-12.824804 0
-103.590298 0
-84.260858 0
-104.856765 0
-36.715593 0
-87.736042 0
-109.830279 0
-135.378445 0
-114.031698 0
-37.906267 0
-54.877072 0
-120.659247 0
-91.11368 0
-88.808618 0
-41.476478 0
-69.941484 0
-71.820109 0
-19.479603 0
-82.793145 0
-94.87377 0
-95.533548 0
-100.655837 0
-74.646795 0
-103.010135 0
-66.829275 0
-16.402981 0
-12.012908 0
-86.376803 0
-84.055655 0
-76.220514 0
-11.104463 0
-55.530544 0
-91.853983 0
-59.174439 0
-67.805067 0
-16.273335 0
-105.198116 0
-52.226574 0
-12.364472 0
-79.151504 0
-84.601151 0
-21.001249 0
-65.984562 0
-11.89724 0
-24.715805 0
-67.320456 0
-64.564719 0
-10.542039 0
-31.874638 0
-12.610789 0
-47.476378 0
-18.702393 0
-41.481045 0
-10.512902 0
-47.389134 0
-47.362861 0
-66.606214 0
-57.164158 0
-12.266289 0
-40.674754 0
-63.676544 0
-12.512772 0
-8.91364 0
-33.283853 0
-39.133381 0
-33.610723 0
-91.278616 0
-10.247164 0
-33.088198 0
-12.765363 0
-15.986707 0
-58.577621 0
-56.719329 0
-9.761687 0
-44.007091 0
-22.712218 0
-58.261042 0
-32.908032 0
-11.142649 0
-70.216241 0
-16.536881 0
-53.257143 0
-59.436025 0
-61.865652 0
-12.190478 0
-23.641509 0
-32.100625 0
-62.319547 0
-56.286609 0
-88.871724 0
-12.913516 0
-60.232955 0
-8.166066 0
-7.422253 0
-16.52629 0
-39.098244 0
-16.963937 0
-30.525891 0
-9.933397 0
-20.128814 0
-20.791657 0
-12.511818 0
-51.701974 0
-19.028836 0
-9.892181 0
-13.111527 0
-51.809198 0
-8.701957 0
-10.59543 0
-55.078356 0
-49.757299 0
-11.96755 0
-48.807848 0
-22.852458 0
-42.592614 0
-7.753495 0
-30.615127 0
-33.663232 0
-48.003994 0
-11.274795 0
-19.882992 0
-46.718565 0
-8.597658 0
-44.617133 0
-21.109067 0
-6.867826 0
-21.228062 0
-24.452207 0
-21.855314 0
-18.160685 0
-18.187802 0
-19.657679 0
-29.041918 0
-24.705364 0
-52.995996 0
-39.03026 0
-35.636123 0
-21.06498 0
-36.585076 0
-22.770992 0
-15.557531 0
-17.577926 0
-14.95622 0
-28.269738 0
-18.749929 0
-9.038751 0
-26.89029 0
-53.571671 0
-9.304591 0
-11.191961 0
-39.552959 0
-10.964029 0
-8.450624 0
-24.382923 0
-22.745203 0
-15.628597 0
-21.651957 0
-25.023739 0
-8.537678 0
-42.011154 0
-9.69288 0
-11.6886 0
-16.578412 0
-17.69379 0
-21.155421 0
-66.38449 0
-7.254313 0
-16.727859 0
-8.475913 0
-42.379936 0
-17.487724 0
-68.237346 0
-12.131821 0
-22.579511 0
-37.676293 0
-14.28419 0
-31.92082 0
-30.681761 0
-9.954611 0
-11.063873 0
-29.528688 0
-13.950122 0
-32.892318 0
-21.79157 0
-18.338777 0
-17.875076 0
-32.879687 0
-12.6442 0
-10.620259 0
-12.586624 0
-19.936285 0
-14.058219 0
-25.280195 0
-24.36640543306021 0
-26.761914120583953 0
-28.88032223865136 0
-13.26634291525887 0
-25.706290558488313 0
-6.3524630159495175 0
-10.632489139928097 0
-37.85412446217542 0
-15.763871432212687 0
-18.599459436260982 0
-19.028949774968794 0
-12.77215201301482 0
-30.118693257653998 0
-13.610210249109954 0
-3.714147166255029 0
-15.722988809253561 0
-41.722914548778554 0
-15.511779613940119 0
-21.873710051881503 0
-22.517450175065445 0
-16.47222169126376 0
-14.579800116467803 0
-14.68292064076916 0
-19.562663697105616 0
-33.45750082245658 0
