-1907.506212 0
-883.472678 0
-1094.407483 0
-615.592992 0
-1366.491849 0
-1907.863723 0
-2027.265555 0
-2120.105307 0
-1998.314871 0
-1548.658647 0
-1817.949603 0
-1729.535493 0
-1819.070099 0
-738.022977 0
-1399.365201 0
-1487.103633 0
-1757.679235 0
-1938.700994 0
-2030.206448 0
-1878.999699 0
-1368.883352 0
-1937.967908 0
-1817.583021 0
-1727.191412 0
-18.87602 0
-1668.008775 0
-1847.859059 0
-1244.210748 0
-1758.294553 0
-1396.73493 0
-1724.924973 0
-1244.883889 0
-1516.520652 0
-1395.185073 0
-1603.952396 0
-1361.707828 0
3.71872 0
-1153.178948 0
-1243.99001 0
-281.783422 0
-1060.475208 0
-1240.857025 0
-340.693759 0
-340.906955 0
-188.667201 0
-819.042116 0
-411.86405 0
-518.722517 0
-580.240851 0
-283.728443 0
-818.08931 0
3.726414 0
-908.245672 0
19.333945 0
16.150115 0
-644.907404 0
-585.928883 0
-949.263683 0
-979.51052 0
-1070.59327 0
-800.065942 0
12.805156 0
8.861777 0
-797.427516 0
3.96882 0
-322.759002 0
-804.180783 0
-833.340053 0
-801.943525 0
-713.373049 0
3.777919 0
9.264744 0
-442.211801 0
-803.753894 0
-292.934146 0
-140.281124 0
-924.259664 0
-832.636956 0
-1046.132358 0
-592.642743 0
-109.719589 0
-503.656669 0
-594.155895 0
-895.693808 0
1.743676 0
-865.593551 0
-1044.987705 0
-1045.345278 0
4.554651 0
2.909131 0
-866.0736 0
0.249421 0
-896.341053 0
-146.06439 0
-234.846447 0
-536.195728 0
2.282348 0
-865.573421 0
-446.577955 0
-565.55732 0
-625.611289 0
-745.240222 0
-176.184601 0
1.128125 0
-296.031785 0
-926.417822 0
-386.96307 0
-595.34322 0
-264.160373 0
-1015.740408 0
1.51554 0
-985.878382 0
-236.388908 0
-354.022005 0
-176.349605 0
-564.443304 0
-114.255102 0
2.247921 0
-20.32231 0
-265.604062 0
-475.581289 0
-235.955355 0
-233.717145 0
1.980251 0
-618.578972 0
-594.81707 0
2.318514 0
-467.933312 0
-176.380676 0
1.273769 0
-327.811204 0
-651.32417 0
-51.034553 0
0.575151 0
-114.208907 0
0.006945 0
-592.107175 0
-357.66507 0
-85.862733 0
0.065684 0
-443.428096 0
-298.481423 0
-478.364679 0
0.021356 0
-507.232964 0
0.481095 0
-477.784344 0
-837.81059 0
-508.830975 0
-208.721785 0
-448.80465 0
-598.886959 0
-538.587204 0
0.176455 0
0.57778 0
0.215433 0
0.434392 0
-719.462001 0
-358.76802 0
-179.679991 0
0.302947 0
-808.70527 0
-418.747241 0
-508.150679 0
-597.657002 0
-748.88478 0
-688.552083 0
0.20514 0
0.208759 0
0.217184 0
-209.572248 0
-419.604295 0
0.145407 0
0.016118 0
-28.895083 0
0.08017 0
0.204227 0
0.04281 0
0.27545 0
0.023761 0
-269.656138 0
0.223995 0
-569.236104 0
0.068129 0
0.140581 0
0.043402 0
0.087289 0
0.104194 0
0.047786 0
0.056456 0
0.173244 0
0.068388 0
0.261645 0
0.361101 0
0.133125 0
0.043773 0
0.1185 0
0.03941 0
0.331199 0
0.064718 0
0.035261 0
0.588531 0
0.034092 0
0.086923 0
0.16198 0
0.144983 0
0.202979 0
0.287894 0
0.22989 0
0.162749 0
0.068179 0
0.13027 0
0.254734 0
0.177449 0
0.103816 0
0.200413 0
0.024563 0
0.139446 0
0.008689 0
0.064159 0
0.026144 0
0.055357 0
0.021666 0
0.037627 0
0.017258 0
0.144773 0
0.184572 0
0.048647 0
0.126195 0
0.03189 0
0.069475 0
0.071671 0
0.081849 0
0.042999 0
0.083838 0
0.084429 0
0.052042 0
0.059184 0
0.067538 0
0.015262 0
0.013631 0
0.026726 0
0.071844 0
0.009505 0
0.010558 0
0.042506 0
0.051837 0
0.055867 0
0.152753 0
0.047644 0
0.058454 0
0.109905 0
0.192205 0
0.031451 0
0.079974 0
0.004377 0
0.024644 0
0.084912 0
0.062179 0
0.018757 0
0.081085 0
0.027998 0
0.01616 0
0.015591 0
0.015273 0
0.028953 0
0.060613 0
0.031187 0
0.00854 0
0.004908 0
0.005905 0
0.026822 0
0.016407 0
0.00973 0
0.00693 0
0.011508 0
0.045057 0
0.004874 0
0.00844 0
0.041685 0
0.064252 0
0.005439 0
0.045572 0
0.005186 0
0.044696 0
0.055325 0
0.076382 0
0.047863 0
0.017506 0
0.0008270749047171071 0
0.0008270749047171071 0
0.0008270749047171071 0
0.0008270749047171071 0
0.0008270749047171071 0
0.0008270749047171071 0
0.0008270749047171071 0
0.0008270749047171071 0
0.0008270749047171071 0
0.0008270749047171071 0
0.0008270749047171071 0
0.0008270749047171071 0
0.0008270749047171071 0
0.0008270749047171071 0
0.0008270749047171071 0
0.0008270749047171071 0
0.0008270749047171071 0
0.0008270749047171071 0
0.0008270749047171071 0
0.0008270749047171071 0
0.0008270749047171071 0
0.0008270749047171071 0
0.0008270749047171071 0
0.0008270749047171071 0
0.0008270749047171071 0
