-695.859162 0
-310.784642 0
-293.009409 0
-256.472682 0
-282.020436 0
-399.659293 0
-448.672072 0
-536.570616 0
-583.862445 0
-841.067408 0
-306.812096 0
-281.404828 0
-282.37345 0
-294.577251 0
-268.381598 0
-243.508216 0
-586.292432 0
-235.533347 0
-536.775297 0
-305.132544 0
-259.52434 0
-222.589458 0
-430.658885 0
-225.533797 0
-349.27724 0
-198.323173 0
-361.083192 0
-541.557771 0
-187.347466 0
-312.095949 0
-267.424515 0
-375.258753 0
-329.948595 0
-384.586582 0
-318.034686 0
-273.98897 0
-226.696655 0
-247.579908 0
-236.383813 0
-250.815255 0
-292.414478 0
-269.255248 0
-235.221163 0
-230.446328 0
-324.166689 0
-241.176757 0
-256.205545 0
-383.561584 0
-236.576439 0
-348.726083 0
-263.509844 0
-281.085986 0
-290.899562 0
-394.742539 0
-227.774155 0
-222.178752 0
-395.01481 0
-265.500709 0
-266.979995 0
-282.730344 0
-215.124242 0
-295.695284 0
-307.763416 0
-238.1564 0
-212.835186 0
-276.62893 0
-210.906843 0
-225.246673 0
-276.630446 0
-246.180341 0
-219.042089 0
-285.264904 0
-257.486336 0
-365.25823 0
-273.172763 0
-211.256695 0
-249.23403 0
-219.019224 0
-283.487126 0
-275.64609 0
-210.017962 0
-272.527143 0
-298.353028 0
-257.324624 0
-317.635003 0
-298.979487 0
-328.670684 0
-223.65358 0
-238.712102 0
-407.064932 0
-305.629145 0
-302.696946 0
-202.024758 0
-269.640873 0
-248.957055 0
-294.434375 0
-336.403508 0
-241.284973 0
-258.1869 0
-400.502201 0
-337.376372 0
-278.888323 0
-305.532501 0
-262.891582 0
-265.206604 0
-285.351045 0
-316.175547 0
-240.618703 0
-354.347264 0
-295.870704 0
-237.143384 0
-258.256209 0
-327.397589 0
-239.272008 0
-229.437529 0
-232.703073 0
-249.509099 0
-250.209725 0
-349.304207 0
-389.089981 0
-287.544528 0
-329.515875 0
-517.410702 0
-299.971761 0
-245.473364 0
-333.125755 0
-256.477134 0
-388.376023 0
-206.759055 0
-349.449547 0
-282.832164 0
-243.666147 0
-296.882871 0
-401.080197 0
-310.105138 0
-295.723977 0
-300.886482 0
-243.419862 0
-317.040705 0
-362.665347 0
-362.33533 0
-319.886752 0
-271.39311 0
-242.295835 0
-303.113012 0
-338.041635 0
-314.344741 0
-360.759025 0
-287.699274 0
-343.986605 0
-253.366803 0
-269.126152 0
-356.690849 0
-364.349991 0
-272.227652 0
-391.142171 0
-289.832036 0
-284.964081 0
-288.091786 0
-335.461739 0
-257.860944 0
-343.576192 0
-331.775918 0
-332.356359 0
-364.532362 0
-351.174305 0
-348.679124 0
-279.793587 0
-350.082654 0
-301.785196 0
-371.818028 0
-308.824397 0
-384.560063 0
-325.241866 0
-427.179107 0
-327.494754 0
-340.627957 0
-331.487468 0
-385.670663 0
-132.79001460221536 0
-133.86790736124118 0
-131.68152362591226 0
-133.92269205760763 0
-133.6931736252026 0
-134.06255946109448 0
-131.15834033126654 0
-130.10225237315024 0
-132.6995550394182 0
-131.8681051272603 0
-132.31853514608966 0
-132.40806172032552 0
-134.55531553473318 0
-133.14152517872853 0
-135.5153934405381 0
-135.25842433655245 0
-133.5213839774355 0
-133.2050214265878 0
-133.24498689782266 0
-132.59879457876772 0
-134.69005543511224 0
-131.979339294293 0
-132.70989671407898 0
-135.28033523391312 0
-134.5788382600469 0
-383.546002 0
-356.367081 0
-330.193697 0
-306.437018 0
-357.804032 0
-265.712511 0
-310.922136 0
-349.412168 0
-360.006111 0
-344.210002 0
-368.882183 0
-412.297963 0
-387.696239 0
-389.337589 0
-354.57702 0
-306.161848 0
-358.216004 0
-323.778817 0
-356.374359 0
-336.394868 0
-322.562388 0
-337.447617 0
-404.149983 0
-302.519377 0
-279.268505 0
-406.469563 0
-339.107345 0
-417.017045 0
-385.84313 0
-432.290186 0
-348.395391 0
-381.769603 0
-425.23462 0
-369.609748 0
-404.992619 0
-405.731733 0
-297.163601 0
-359.198907 0
-373.567372 0
-288.661975 0
-405.254622 0
-331.979638 0
-378.755368 0
-353.918728 0
-345.853971 0
-332.290261 0
-410.684388 0
-407.688901 0
-351.835248 0
-399.486208 0
-389.302418 0
-384.938035 0
-411.462815 0
-320.748947 0
-356.637522 0
-454.485395 0
-363.121704 0
-425.510673 0
-356.277199 0
-423.249815 0
-410.635808 0
-359.846362 0
-401.301002 0
-399.193909 0
-443.401953 0
-485.35792 0
-389.750458 0
-421.396547 0
-418.498078 0
-358.655794 0
-259.852471 0
-372.510709 0
-318.987199 0
-365.951023 0
-373.83937 0
-383.21023 0
-376.882326 0
-330.744987 0
-291.517229 0
-362.699408 0
-354.778956 0
-369.40282 0
-240.848452 0
-318.379935 0
-274.776725 0
-349.277811 0
-356.178282 0
-440.881978 0
-292.323244 0
-357.878029 0
-445.052344 0
-370.637829 0
-434.972465 0
-395.161665 0
-277.986539 0
-309.546623 0
