-4622.790955 0
-3739.466076 0
-3984.836649 0
-3864.867188 0
-3926.98772 0
-2730.553187 0
-3158.223192 0
-2410.475268 0
-2576.672415 0
-2914.773683 0
-2392.276864 0
-2914.741687 0
-1383.948508 0
-2079.390314 0
-3234.881476 0
-3114.67461 0
-1818.871552 0
-1486.835141 0
-1624.519379 0
-1562.451218 0
-2009.825705 0
-1289.537847 0
-1349.952233 0
-1535.41243 0
-1410.748941 0
-1492.942265 0
-1662.091534 0
-1815.046359 0
-2008.715252 0
-2100.58118 0
-1857.307328 0
-1857.528959 0
-1328.706491 0
-1328.701683 0
-1195.387983 0
-1187.412321 0
-1224.868255 0
-1257.224072 0
-1142.880913 0
-1084.355874 0
-1160.640289 0
-1352.699654 0
-1402.570709 0
-1502.936746 0
-1311.700571 0
-1185.650718 0
-1306.152902 0
-1383.77996 0
-1449.404738 0
-1819.359202 0
-1439.613511 0
-1324.068545 0
-1353.99623 0
-1427.938972 0
-1357.040903 0
-1406.353717 0
-1431.643096 0
-1222.804294 0
-1261.464867 0
-1445.870069 0
-1355.461736 0
-1442.579291 0
-1404.06925 0
-1424.774325 0
-1451.599452 0
-1263.608409 0
-1172.482198 0
-1158.255864 0
-1254.64649 0
-1212.863073 0
-1777.481187 0
-1265.042845 0
-1680.133574 0
-1208.532349 0
-1481.623993 0
-1641.21859 0
-1248.68774 0
-1293.819983 0
-1197.912517 0
-1205.403246 0
-1424.368784 0
-1281.703424 0
-1145.031568 0
-1185.173097 0
-1126.416399 0
-1103.174782 0
-1376.517182 0
-1541.613654 0
-1212.515295 0
-1319.359965 0
-1091.481454 0
-1140.556178 0
-1129.703367 0
-1335.476647 0
-1084.822946 0
-1204.292565 0
-1060.864389 0
-1046.061958 0
-1046.157456 0
-1051.919104 0
-1037.896577 0
-1022.226845 0
-1026.484312 0
-1030.111029 0
-1040.278758 0
-996.019088 0
-948.307515 0
-1008.341421 0
-1050.580972 0
-1003.859215 0
-1015.043192 0
-1026.418234 0
-1013.856963 0
-965.632746 0
-1003.874267 0
-1068.307999 0
-1000.020486 0
-941.315486 0
-961.740952 0
-1021.959308 0
-1018.760579 0
-971.69981 0
-1029.982011 0
-977.910092 0
-1020.687775 0
-966.314799 0
-989.018624 0
-997.689868 0
-1031.290188 0
-1039.495221 0
-1029.925348 0
-1067.153223 0
-1061.133885 0
-1059.43427 0
-1066.424833 0
-1057.003724 0
-1061.712195 0
-1030.530252 0
-1048.561591 0
-1025.45168 0
-1035.224132 0
-1042.541056 0
-1110.490696 0
-1061.559342 0
-1059.884096 0
-1073.632373 0
-1049.142243 0
-1069.917292 0
-1041.603968 0
-1078.495237 0
-1025.196113 0
-1089.588883 0
-1063.865435 0
-1115.035793 0
-1074.283438 0
-1134.027458 0
-1091.201651 0
-1060.50803 0
-1052.402754 0
-1032.532936 0
-1011.382094 0
-1057.47376 0
-1109.982656 0
-1034.319617 0
-1088.631745 0
-1012.054366 0
-1034.062756 0
-1011.832553 0
-1035.092523 0
-1063.725759 0
-1088.637909 0
-1042.456916 0
-1085.373699 0
-1043.818154 0
-1078.72286 0
-1029.8963994874641 0
-1099.503655623479 0
-1036.788009337044 0
-993.0890820571626 0
-1030.275919936214 0
-1050.2027460963138 0
-1075.3917277296207 0
-1010.3258894271097 0
-1096.706774701531 0
-1003.8603395885942 0
-1061.1190090123973 0
-1019.6743562026303 0
-1073.649639057717 0
-975.8425366471694 0
-1061.6937412268137 0
-1020.6883830315827 0
-1025.6691037294552 0
-1017.0029090041894 0
-1011.0498018615441 0
-1012.0610968030261 0
-950.219144660695 0
-1048.2114674358195 0
-997.5088454205411 0
-1053.2588588527317 0
-1001.6447903055097 0
-1039.923164 0
-999.779693 0
-1018.397311 0
-992.008493 0
-1039.327934 0
-1022.02261 0
-1014.160485 0
-1037.185527 0
-998.409194 0
-1035.991057 0
-982.226707 0
-1021.099549 0
-1015.19445 0
-1024.039614 0
-994.672541 0
-1040.372362 0
-1001.350063 0
-966.791716 0
-1041.853533 0
-1060.38622 0
-987.607074 0
-997.937901 0
-1073.821387 0
-1053.263762 0
-989.743682 0
-1002.359381 0
-1051.842899 0
-1009.014126 0
-1032.994622 0
-973.384937 0
-980.651021 0
-983.843418 0
-1006.774884 0
-978.610072 0
-998.752914 0
-968.054132 0
-981.605872 0
-998.60153 0
-1006.952993 0
-1000.530623 0
-1066.098501 0
-974.73925 0
-1020.729919 0
-943.4501 0
-978.594307 0
-960.870146 0
-986.038712 0
-944.520943 0
-965.348561 0
-1054.458938 0
-949.033051 0
-999.542367 0
-984.477076 0
-996.487417 0
-1012.713463 0
-981.531146 0
-950.540572 0
-923.466491 0
-977.373906 0
-946.13914 0
-927.18387 0
-966.648694 0
-947.348853 0
-960.937244 0
-903.861972 0
-909.028102 0
-947.480538 0
-906.657894 0
-945.668776 0
-949.883719 0
-934.150263 0
-948.77887 0
-966.29835 0
-960.859215 0
-913.914573 0
-951.43531 0
-874.199872 0
-911.556521 0
-907.925768 0
-920.157192 0
-996.387112 0
-927.221668 0
-946.497145 0
-980.026777 0
-882.986879 0
-943.270519 0
-1014.649755 0
-976.255966 0
-968.543303 0
-969.025199 0
-953.557982 0
-948.743172 0
-974.756247 0
-937.571364 0
-960.06114 0
-896.21419 0
-924.524695 0
-918.763468 0
-948.592164 0
-908.673175 0
-958.121912 0
-903.40583 0
-996.445271 0
-930.578738 0
-983.572927 0
-921.610164 0
-981.298274 0
-988.615068 0
-997.216419 0
-928.438299 0
-939.724122 0
-986.010967 0
-981.057282 0
-932.009629 0
-969.015005 0
-918.663007 0
-896.930755 0
-950.687683 0
-890.89687 0
-928.97052 0
-933.359193 0
-896.26419 0
-965.33524 0
-957.986238 0
-881.997565 0
-890.429541 0
-941.082182 0
-931.811824 0
-881.970536 0
-921.904558 0
-890.060884 0
-928.432953 0
-903.995646 0
-936.718291 0
-875.914241 0
-909.686367 0
-923.644508 0
-913.040737 0
-860.550801 0
-888.139163 0
-858.978578 0
-897.043022 0
-928.905949 0
-902.814725 0
-911.745869 0
-912.949384 0
-888.642882 0
-882.786781 0
-883.477061 0
-846.706445 0
-883.559669 0
-844.071165 0
-890.702478 0
-864.601333 0
-817.890125 0
-944.845619 0
-935.610818 0
-926.082101 0
-921.214319 0
-921.31092 0
-887.973728 0
-889.418122 0
-861.846289 0
-824.213519 0
-875.997238 0
-856.4902 0
-874.441751 0
-828.494497 0
-864.95959 0
-858.606561 0
-849.823045 0
-866.202474 0
-882.084113 0
-848.38281 0
-875.44297 0
-847.615957 0
-917.160062 0
-836.59818 0
-920.468124 0
-870.352339 0
-865.414239 0
-909.13788 0
-887.088311 0
-881.991533 0
-841.760934 0
-923.116886 0
-883.144034 0
-898.286899 0
-921.371288 0
-890.075009 0
-855.158611 0
-817.99143 0
-896.087642 0
-805.911295 0
-812.153722 0
-888.761393 0
-870.960211 0
-850.474609 0
-839.919246 0
-886.764949 0
