-3400.479254 0
-3281.074221 0
-3544.57391 0
-4355.009815 0
-2885.863327 0
-2451.467212 0
-3528.794083 0
-2871.50158 0
-1729.902299 0
-2319.881812 0
-1690.396233 0
-1835.714737 0
-2793.751863 0
-1913.179026 0
-2220.518459 0
-1438.294992 0
-1515.977648 0
-1378.284183 0
-1370.220939 0
-1357.66875 0
-1314.33454 0
-1351.793726 0
-1387.399034 0
-1301.015746 0
-1317.548124 0
-1278.022016 0
-1267.068671 0
-1255.065712 0
-1222.232703 0
-1189.148547 0
-1205.267901 0
-1224.610998 0
-1142.867539 0
-1201.727003 0
-1103.480106 0
-1014.782296 0
-1005.944425 0
-1006.63021 0
-1025.293812 0
-989.858005 0
-1014.818062 0
-1058.958641 0
-970.177247 0
-1006.463036 0
-1049.027853 0
-990.288016 0
-1057.206772 0
-1072.479661 0
-955.894803 0
-879.606659 0
-956.631144 0
-1058.038352 0
-982.443346 0
-1053.470491 0
-1052.22471 0
-1022.975632 0
-1053.787833 0
-1061.456453 0
-1036.540915 0
-1067.308866 0
-1035.284787 0
-1009.16972 0
-1038.511834 0
-1045.003544 0
-1050.802047 0
-1031.853655 0
-1031.714767 0
-1050.501547 0
-1061.343547 0
-996.339811 0
-1047.206346 0
-1006.55524 0
-1021.037126 0
-1029.572989 0
-1019.474556 0
-1010.77918 0
-1026.265984 0
-1055.418985 0
-998.859485 0
-989.498092 0
-911.767009 0
-961.125557 0
-938.250253 0
-992.387679 0
-974.738408 0
-940.865861 0
-946.279358 0
-948.546294 0
-869.761255 0
-910.064535 0
-928.22497 0
-883.879068 0
-879.599111 0
-914.091206 0
-818.280997 0
-880.095307 0
-835.550061 0
-807.171961 0
-854.201505 0
-820.900691 0
-847.384568 0
-814.285313 0
-807.482362 0
-823.875558 0
-814.649266 0
-839.27033 0
-867.477868 0
-762.737719 0
-862.590209 0
-777.408007 0
-770.411914 0
-823.948142 0
-805.77724 0
-765.10908 0
-845.103956 0
-832.361994 0
-829.859587 0
-792.69394 0
-798.115043 0
-823.804838 0
-825.378787 0
-763.90572 0
-853.097614 0
-829.861179 0
-845.407186 0
-812.067672 0
-816.5315 0
-803.371028 0
-785.914775 0
-805.58752 0
-782.017352 0
-775.859783 0
-776.48658 0
-800.499865 0
-760.34429 0
-769.944131 0
-801.353118 0
-758.949154 0
-777.979252 0
-838.534795 0
-769.018607 0
-768.32659 0
-803.710558 0
-848.717953 0
-758.18241 0
-766.482644 0
-733.602875 0
-768.438081 0
-785.764638 0
-852.592195 0
-789.462855 0
-774.658195 0
-812.387125 0
-801.473214 0
-786.672986 0
-786.738514 0
-753.211121 0
-805.479942 0
-728.34807 0
-837.132823 0
-825.828341 0
-795.189169 0
-787.538473 0
-824.67344 0
-760.160794 0
-812.501033 0
-769.811893 0
-799.582853 0
-780.959579 0
-769.763633 0
-775.175717 0
-816.145281 0
-828.009362 0
-768.42698 0
-777.524988 0
-771.997228 0
-774.79613 0
-795.900797 0
-727.903936 0
-773.830937 0
-809.489448 0
-745.339047 0
-793.203552 0
-774.669744 0
-756.715867 0
-752.571992 0
-764.944741 0
-761.90054 0
-735.533914 0
-731.512264 0
-786.44388 0
-756.292572 0
-688.786538 0
-703.075337 0
-746.404396 0
-778.714247 0
-737.666801 0
-805.291194 0
-761.014362 0
-789.1171 0
-799.855448 0
-809.68715 0
-758.446674 0
-777.478917 0
-747.458243 0
-766.279539 0
-771.374855 0
-782.731876 0
-764.242793 0
-788.547406 0
-813.49746 0
-759.968312 0
-740.005413 0
-820.973514 0
-763.842991 0
-779.581019 0
-729.11414 0
-805.172792 0
-759.974034 0
-738.251099 0
-771.425856 0
-743.397458 0
-732.953791 0
-816.002526 0
-743.470228 0
-758.587601 0
-791.875562 0
-790.401095 0
-748.018004 0
-721.684196 0
-786.419723 0
-819.672963 0
-789.728178 0
-802.751513 0
-759.559052 0
-794.058258 0
-793.350403 0
-773.536031 0
-748.555672 0
-751.324235 0
-846.27345 0
-786.242395 0
-759.940429 0
-753.635859 0
-773.747093 0
-784.879961 0
-776.984716 0
-790.261558 0
-795.418523 0
-765.185541 0
-734.946275 0
-763.62376 0
-741.550492 0
-749.586271 0
-717.99881 0
-756.967933 0
-697.681388 0
-752.737894 0
-713.771177 0
-717.290831 0
-720.126241 0
-743.778397 0
-694.267151 0
-668.910705 0
-717.206374 0
-688.739053 0
-670.665601 0
-707.41496 0
-673.282448 0
-651.541632 0
-732.21199 0
-712.932523 0
-669.896908 0
-670.475455 0
-687.162831 0
-730.393776 0
-685.4291 0
-661.785562 0
-687.076435 0
-650.011034 0
-673.475208 0
-720.027738 0
-676.961917 0
-632.741653 0
-722.81101 0
-677.201425 0
-677.84779 0
-696.808877 0
-703.267396 0
-719.034225 0
-643.434837 0
-638.930277 0
-709.333256 0
-673.787911 0
-673.605794 0
-705.640449 0
-648.821873 0
-685.111715 0
-660.670797 0
-654.952573 0
-664.279571 0
-665.492556 0
-710.206176 0
-668.002871 0
-672.820003 0
-613.139726 0
-633.837991 0
-629.053775 0
-661.162327 0
-706.078119 0
-658.857477 0
-694.872581 0
-700.708857 0
-653.48188 0
-701.835923 0
-674.62903 0
-678.304618 0
-657.310697 0
-680.353095 0
-675.822291 0
-690.648443 0
-697.972445 0
-643.547687 0
-706.007062 0
-685.6461 0
-688.656385 0
-671.787454 0
-662.850756 0
-645.668943 0
-642.573582 0
-653.378614 0
-659.52638 0
-610.021791 0
-642.364469 0
-646.279633 0
-671.77236 0
-683.841324 0
-690.674777 0
-610.849333 0
-622.522202 0
-669.002328 0
-651.405074 0
-614.752748 0
-663.302652 0
-640.249406 0
-616.778984 0
-599.672431 0
-705.544586 0
-670.892332 0
-631.945566 0
-660.795336 0
-700.002441 0
-596.472506 0
-671.931622 0
-630.779385 0
-658.945825 0
-698.935825 0
-673.958885 0
-647.733842 0
-641.09491 0
-658.802175 0
-679.5541761296115 0
-648.2721393856061 0
-652.1389278211947 0
-655.8944509356999 0
-644.4325432352059 0
-640.1876909486314 0
-690.9765696324552 0
-687.6762349555265 0
-682.2182334319692 0
-630.7308440837517 0
-612.8902250454178 0
-671.7446000477746 0
-634.2287201343834 0
-616.43706127446 0
-634.274776025019 0
-648.008070484754 0
-690.5659275181946 0
-633.7169786669602 0
-641.1531093785961 0
-670.0159880566943 0
-684.7777282804478 0
-659.6759126794925 0
-630.6131440008783 0
-644.0663822763613 0
-658.2413266756881 0
