-2.666357 0
-2.866212 0
-1.594251 0
-157.091185 0
-41.866798 0
-187.113094 0
-34.59575 0
-12.600618 0
-3.87209 0
-15.233361 0
-8.447648 0
-1.992226 0
-6.864032 0
-5.638402 0
-12.685845 0
-3.931436 0
-8.520993 0
-213.518511 0
-13.23171 0
-48.916824 0
-317.118986 0
-14.244727 0
-1.527579 0
-11.08135 0
-201.2031 0
-14.17626 0
-225.334399 0
-265.42403 0
-160.348143 0
-243.028758 0
-127.106692 0
-285.017027 0
-193.157568 0
-111.113504 0
-275.879383 0
-40.155155 0
-13.039517 0
-139.139416 0
-12.173828 0
-15.835641 0
-16.794994 0
-13.627588 0
-16.191016 0
-19.229083 0
-15.283169 0
-14.353447 0
-16.118565 0
-15.702924 0
-10.890352 0
-14.488694 0
-11.559304 0
-11.813172 0
-4.275383 0
-10.729371 0
-10.963004 0
-8.177737 0
-2.383442 0
-4.781824 0
-9.953963 0
-3.888075 0
-2.289316 0
-1.462651 0
-1.024452 0
-2.147363 0
-1.745656 0
-1.996744 0
-1.284382 0
-1.50598 0
-2.151875 0
-0.558287 0
-2.382159 0
-3.464283 0
-1.807238 0
-4.470878 0
-3.003553 0
-3.456627 0
-1.87248 0
-1.659124 0
-1.981833 0
-3.107626 0
-2.228413 0
-2.457473 0
-1.261506 0
-2.54562 0
-2.202883 0
-2.476671 0
-4.229083 0
-2.720606 0
-4.523999 0
-3.889059 0
-3.152973 0
-3.573693 0
-3.956501 0
-4.035743 0
-4.150691 0
-4.242129 0
-2.608805 0
-1.752856 0
-3.722302 0
-3.509302 0
-2.532559 0
-3.755584 0
-4.502968 0
-2.96528 0
-3.049296 0
-2.24953 0
-2.142586 0
-3.19011 0
-2.356153 0
-3.451734 0
-2.381544 0
-1.921063 0
-2.790806 0
-3.476905 0
-2.870773 0
-2.653867 0
-2.842171 0
-3.333924 0
-1.868078 0
-2.784107 0
-1.040282 0
-2.7383758192385175 0
-2.820419792619414 0
-1.8716826605877903 0
-1.8495585656543465 0
-1.9942578242347835 0
-2.8433062708215426 0
-2.1275532180790138 0
-2.1172371365262657 0
-2.563240862138265 0
-2.198080649293606 0
-2.09532499142536 0
-2.3720100248354767 0
-2.873622541991563 0
-2.2067180763630825 0
-2.397154379030664 0
-2.622531914248163 0
-2.804835184156061 0
-2.325361526304443 0
-2.4901994591115777 0
-2.6307465801067487 0
-2.219249481381081 0
-2.302344225364097 0
-2.589532426739612 0
-2.186034049653573 0
-1.7986742449533222 0
-2.070142 0
-2.094973 0
-0.539884 0
-2.389859 0
-0.488963 0
-3.337077 0
-1.000726 0
-0.729141 0
-3.960809 0
-2.70821 0
-3.218648 0
-1.389319 0
-0.44167 0
-1.761196 0
-1.05986 0
-2.533152 0
-1.007166 0
-3.56117 0
-1.883755 0
-1.998609 0
-0.732296 0
-1.234201 0
-2.386047 0
-2.876247 0
-1.33193 0
-1.466672 0
-2.781699 0
-1.449938 0
-0.682799 0
-0.200609 0
-1.075931 0
-0.48597 0
-1.892674 0
-0.435619 0
-1.355779 0
-0.909112 0
-0.26945 0
-1.079349 0
-0.795843 0
-1.800155 0
-1.037785 0
-1.773205 0
-2.303807 0
-2.647795 0
-2.468023 0
-2.686211 0
-2.539894 0
-1.993884 0
-0.755556 0
-0.394885 0
-0.355793 0
-0.87851 0
-0.681708 0
-1.669465 0
