-4279.206766 0
-6172.816557 0
-4959.435671 0
-5069.370789 0
-5222.604135 0
-4149.744024 0
-6533.341928 0
-5207.035349 0
-4876.624657 0
-4963.844569 0
-4645.236831 0
-4115.226499 0
-3941.172604 0
-3957.557864 0
-4298.665769 0
-3466.891038 0
-3695.670642 0
-3406.536496 0
-3079.105582 0
-2728.954515 0
-2700.723112 0
-2739.106784 0
-2673.581174 0
-2388.214646 0
-2255.550148 0
-2468.651154 0
-2465.584771 0
-2412.483241 0
-2324.887158 0
-2317.681355 0
-2014.588049 0
-2018.901254 0
-1977.583901 0
-2045.026002 0
-1860.208921 0
-1816.777656 0
-1802.189085 0
-1847.58653 0
-1802.915575 0
-1841.57837 0
-1755.662878 0
-1779.121181 0
-1752.63606 0
-1777.425736 0
-1727.024302 0
-1623.65144 0
-1635.625753 0
-1647.263355 0
-1781.898479 0
-1635.124812 0
-1625.79316 0
-1703.569019 0
-1666.923906 0
-1674.766015 0
-1739.22765 0
-1629.782383 0
-1700.787434 0
-1697.460854 0
-1666.377507 0
-1648.049764 0
-1627.728867 0
-1699.854837 0
-1669.98887 0
-1717.713974 0
-1696.034769 0
-1616.035469 0
-1694.783589 0
-1547.199079 0
-1652.916387 0
-1679.0284 0
-1636.531829 0
-1656.75141 0
-1672.700138 0
-1707.865814 0
-1661.771094 0
-1671.29159 0
-1654.044213 0
-1719.259564 0
-1670.259141 0
-1746.004028 0
-1670.282107 0
-1719.234476 0
-1620.102509 0
-1826.218286 0
-1690.033772 0
-1812.61053 0
-1800.008776 0
-1749.297717 0
-1681.004589 0
-1720.207566 0
-1713.097161 0
-1616.889557 0
-1757.428245 0
-1847.117763 0
-1714.518185 0
-1736.798047 0
-1797.051659 0
-2053.365345 0
-1857.809076 0
-2062.968823 0
-1984.197119 0
-2068.346528 0
-2078.563852 0
-2152.127763 0
-2189.457497 0
-2248.082331 0
-2244.126216 0
-2380.644558 0
-2460.812148 0
-2640.277125 0
-2747.587555 0
-2733.456298 0
-2838.823748 0
-3481.188243 0
-2746.69829 0
-2691.446578 0
-2968.099907 0
-3660.271604 0
-2824.799708 0
-2463.960302 0
-3060.230516 0
-2157.575541095723 0
-2294.683549857389 0
-2193.0206350179724 0
-2267.7867796776695 0
-2072.682891638456 0
-2329.4976549229655 0
-2215.6359667230677 0
-2439.3151324762193 0
-2228.07914301582 0
-2560.1512371607278 0
-2234.495961390632 0
-2480.988235775618 0
-2256.163639224705 0
-2571.38694702246 0
-2356.5246962219617 0
-2396.203760387445 0
-2087.3433701988083 0
-2096.7661088672426 0
-2547.4082566592074 0
-2141.9034501627275 0
-2241.4526427533747 0
-2099.0064798625917 0
-2353.2586037910323 0
-1961.507234615416 0
-2126.3171864179985 0
