14200
25
-0.6109450193286662
-0.7155433361181268
-0.5598057671491571
-0.830141269547541
-0.7687333956398135
-0.7520862472328331
-0.4779202332617301
-0.6232575106431555
-0.8476241201147359
-0.7007665060103767
-0.4743218521295506
-0.6600285789475797
-0.6407046675581339
-0.6184003906252783
-0.7095931937409228
-0.7331777656776319
-0.6447072925448194
-0.48004285350343395
-0.7680306321560595
-0.7589189802093185
-0.47289891988695687
-0.8400010683313721
-0.472905233916381
-0.7045518650487517
-0.48249192333105495
28200
25
-6.291710672775141
-6.199658456732902
-6.018481489883237
-6.262536395731287
-5.913893704905921
-6.374873544737036
-6.440246973690111
-6.203469918506979
-6.388281545620093
-5.8340505433045315
-5.982887940054831
-6.197829776653554
-6.104325106950443
-6.414236045908971
-5.618548062676476
-6.101853798105424
-6.430517152713582
-6.2340651157502815
-6.0190351844242835
-6.126477744223539
-6.1808672703904
-6.179826165798543
-6.086688598892934
-6.340323984496716
-5.951250750869621
49200
25
-0.25495048049258506
-0.44476550470273263
-0.21800514322297063
-0.24572676354677062
-0.24180275107783356
-0.19642556866653896
-0.2028804957112528
-0.25243044247624274
-0.24872912234661998
-0.1993455357291405
-0.21721192619924773
-0.23350742333551672
-0.19898399281835633
-0.19682250309361135
-0.39561849850208014
-0.2161418895565514
-0.4009049334718484
-0.20033728522410052
-0.37963867377152455
-0.21548847083302156
-0.35998629064026155
-0.2114447035809715
-0.2659995631539482
-0.22415550639055015
-0.23435809848061573
