24000
25
0.02046171331462233
0.02046171331462233
0.02046171331462233
0.02046171331462233
0.02046171331462233
0.02046171331462233
0.02046171331462233
0.02046171331462233
0.02046171331462233
0.02046171331462233
0.02046171331462233
0.02046171331462233
0.02046171331462233
0.02046171331462233
0.02046171331462233
0.02046171331462233
0.02046171331462233
0.02046171331462233
0.02046171331462233
0.02046171331462233
0.02046171331462233
0.02046171331462233
0.02046171331462233
0.02046171331462233
0.02046171331462233
