36400
25
-2345.9135903610077
-2334.813679781938
-2371.142113677429
-2346.6384495160073
-2356.867755177135
-2339.371537790203
-2351.2161910495333
-2382.040934723352
-2326.406479569698
-2345.5948915804247
-2340.57014143845
-2319.7688786140643
-2334.067578363124
-2321.4215587973663
-2306.716889626875
-2346.9598965153386
-2295.2157831999302
-2336.4755763484072
-2308.9974603966893
-2329.0223785026865
-2391.772364697565
-2322.803708317208
-2340.293144142618
-2388.6545429490966
-2320.556552379623
64000
25
-2382.221647687983
-2648.7208833487025
-2536.911090938201
-2377.8496815349195
-2502.654070167122
-2388.4207712998304
-2366.3274612601126
-2536.508166509954
-2565.554276440453
-2376.431811173898
-2376.693181800705
-2604.3403217301484
-2530.110083709213
-2386.867612584533
-2407.489954750216
-2388.0990316943016
-2378.6258287418914
-2394.1354938936993
-2633.2328957680184
-2587.6624010745854
-2611.5935577826153
-2368.6151551034845
-2570.2148144500197
-2382.6378497809105
-2378.27738399939
