15000
25
-95.36676321145603
-95.87479998245058
-95.43511971640447
-97.02828105662974
-95.74009539501374
-96.13472624845504
-96.29196120639146
-95.80717648560939
-96.04113316983656
-94.7674753989761
-97.49041667395298
-95.7833809412926
-95.92602219712698
-97.6707884527916
-96.53833199106863
-96.42315769928908
-97.74120526003645
-95.5851150017836
-96.27883593962923
-94.7342171731672
-95.36746809585672
-97.16868751485444
-96.55967234594205
-96.1669040796641
-97.46566759882076
30000
25
-211.68055262868603
-211.69006251127877
-214.62379896188486
-214.65695517866817
-210.20843215711596
-214.2389605854998
-214.04298123340095
-217.83214385199057
-214.73981245543615
-220.5802265701604
-215.67101707503826
-214.3322241730974
-214.52670858338445
-210.45073543515875
-218.1996173756008
-215.02338793417007
-212.35744040829303
-211.8537176394057
-211.71411049624578
-213.90283153482017
-208.99788550186747
-221.4916321627342
-217.71294235711218
-212.2041023613338
-214.7650420368962
