-3.428391178564086 20.05604195887141 118.98787896285714 41.207478532745 0.2982173165676834
-3.428391178564086 20.05604195887141 118.98787896285714 41.207478532745 0.2982173165676834
-3.428391178564086 20.05604195887141 118.98787896285714 41.207478532745 0.2982173165676834
-3.428391178564086 20.05604195887141 118.98787896285714 41.207478532745 0.2982173165676834
-3.428391178564086 20.05604195887141 118.98787896285714 41.207478532745 0.2982173165676834
-3.428391178564086 20.05604195887141 118.98787896285714 41.207478532745 0.2982173165676834
-3.428391178564086 20.05604195887141 118.98787896285714 41.207478532745 0.2982173165676834
-3.428391178564086 20.05604195887141 118.98787896285714 41.207478532745 0.2982173165676834
-3.428391178564086 20.05604195887141 118.98787896285714 41.207478532745 0.2982173165676834
-3.428391178564086 20.05604195887141 118.98787896285714 41.207478532745 0.2982173165676834
-3.428391178564086 20.05604195887141 118.98787896285714 41.207478532745 0.2982173165676834
-3.428391178564086 20.05604195887141 118.98787896285714 41.207478532745 0.2982173165676834
-3.428391178564086 20.05604195887141 118.98787896285714 41.207478532745 0.2982173165676834
-3.428391178564086 20.05604195887141 118.98787896285714 41.207478532745 0.2982173165676834
-3.428391178564086 20.05604195887141 118.98787896285714 41.207478532745 0.2982173165676834
-3.428391178564086 20.05604195887141 118.98787896285714 41.207478532745 0.2982173165676834
-3.428391178564086 20.05604195887141 118.98787896285714 41.207478532745 0.2982173165676834
-3.428391178564086 20.05604195887141 118.98787896285714 41.207478532745 0.2982173165676834
-3.428391178564086 20.05604195887141 118.98787896285714 41.207478532745 0.2982173165676834
-3.428391178564086 20.05604195887141 118.98787896285714 41.207478532745 0.2982173165676834
-3.428391178564086 20.05604195887141 118.98787896285714 41.207478532745 0.2982173165676834
-3.428391178564086 20.05604195887141 118.98787896285714 41.207478532745 0.2982173165676834
-3.428391178564086 20.05604195887141 118.98787896285714 41.207478532745 0.2982173165676834
-3.428391178564086 20.05604195887141 118.98787896285714 41.207478532745 0.2982173165676834
-3.428391178564086 20.05604195887141 118.98787896285714 41.207478532745 0.2982173165676834
-3.428391178564086 20.05604195887141 118.98787896285714 41.207478532745 0.2982173165676834
-3.428391178564086 20.05604195887141 118.98787896285714 41.207478532745 0.2982173165676834
-3.428391178564086 20.05604195887141 118.98787896285714 41.207478532745 0.2982173165676834
-3.428391178564086 20.05604195887141 118.98787896285714 41.207478532745 0.2982173165676834
-3.428391178564086 20.05604195887141 118.98787896285714 41.207478532745 0.2982173165676834
-3.428391178564086 20.05604195887141 118.98787896285714 41.207478532745 0.2982173165676834
-3.428391178564086 20.05604195887141 118.98787896285714 41.207478532745 0.2982173165676834
-3.428391178564086 20.05604195887141 118.98787896285714 41.207478532745 0.2982173165676834
-3.428391178564086 20.05604195887141 118.98787896285714 41.207478532745 0.2982173165676834
-3.428391178564086 20.05604195887141 118.98787896285714 41.207478532745 0.2982173165676834
-3.428391178564086 20.05604195887141 118.98787896285714 41.207478532745 0.2982173165676834
-3.428391178564086 20.05604195887141 118.98787896285714 41.207478532745 0.2982173165676834
-3.428391178564086 20.05604195887141 118.98787896285714 41.207478532745 0.2982173165676834
-3.428391178564086 20.05604195887141 118.98787896285714 41.207478532745 0.2982173165676834
-3.428391178564086 20.05604195887141 118.98787896285714 41.207478532745 0.2982173165676834
-3.428391178564086 20.05604195887141 118.98787896285714 41.207478532745 0.2982173165676834
-3.428391178564086 20.05604195887141 118.98787896285714 41.207478532745 0.2982173165676834
-3.428391178564086 20.05604195887141 118.98787896285714 41.207478532745 0.2982173165676834
-3.428391178564086 20.05604195887141 118.98787896285714 41.207478532745 0.2982173165676834
-3.428391178564086 20.05604195887141 118.98787896285714 41.207478532745 0.2982173165676834
-3.428391178564086 20.05604195887141 118.98787896285714 41.207478532745 0.2982173165676834
-3.428391178564086 20.05604195887141 118.98787896285714 41.207478532745 0.2982173165676834
-3.428391178564086 20.05604195887141 118.98787896285714 41.207478532745 0.2982173165676834
-3.428391178564086 20.05604195887141 118.98787896285714 41.207478532745 0.2982173165676834
-3.428391178564086 20.05604195887141 118.98787896285714 41.207478532745 0.2982173165676834
0.3406372059723892 -1.3575483994392643 5.944224886478305 -1.7039118538350762 0.0013098677464518597
0.3406372059723892 -1.3575483994392643 5.944224886478305 -1.7039118538350762 0.0013098677464518597
0.3406372059723892 -1.3575483994392643 5.944224886478305 -1.7039118538350762 0.0013098677464518597
0.3406372059723892 -1.3575483994392643 5.944224886478305 -1.7039118538350762 0.0013098677464518597
0.3406372059723892 -1.3575483994392643 5.944224886478305 -1.7039118538350762 0.0013098677464518597
0.3406372059723892 -1.3575483994392643 5.944224886478305 -1.7039118538350762 0.0013098677464518597
0.3406372059723892 -1.3575483994392643 5.944224886478305 -1.7039118538350762 0.0013098677464518597
0.3406372059723892 -1.3575483994392643 5.944224886478305 -1.7039118538350762 0.0013098677464518597
0.3406372059723892 -1.3575483994392643 5.944224886478305 -1.7039118538350762 0.0013098677464518597
0.3406372059723892 -1.3575483994392643 5.944224886478305 -1.7039118538350762 0.0013098677464518597
0.3406372059723892 -1.3575483994392643 5.944224886478305 -1.7039118538350762 0.0013098677464518597
0.3406372059723892 -1.3575483994392643 5.944224886478305 -1.7039118538350762 0.0013098677464518597
0.3406372059723892 -1.3575483994392643 5.944224886478305 -1.7039118538350762 0.0013098677464518597
0.3406372059723892 -1.3575483994392643 5.944224886478305 -1.7039118538350762 0.0013098677464518597
0.3406372059723892 -1.3575483994392643 5.944224886478305 -1.7039118538350762 0.0013098677464518597
0.3406372059723892 -1.3575483994392643 5.944224886478305 -1.7039118538350762 0.0013098677464518597
0.3406372059723892 -1.3575483994392643 5.944224886478305 -1.7039118538350762 0.0013098677464518597
0.3406372059723892 -1.3575483994392643 5.944224886478305 -1.7039118538350762 0.0013098677464518597
0.3406372059723892 -1.3575483994392643 5.944224886478305 -1.7039118538350762 0.0013098677464518597
0.3406372059723892 -1.3575483994392643 5.944224886478305 -1.7039118538350762 0.0013098677464518597
0.3406372059723892 -1.3575483994392643 5.944224886478305 -1.7039118538350762 0.0013098677464518597
0.3406372059723892 -1.3575483994392643 5.944224886478305 -1.7039118538350762 0.0013098677464518597
0.3406372059723892 -1.3575483994392643 5.944224886478305 -1.7039118538350762 0.0013098677464518597
0.3406372059723892 -1.3575483994392643 5.944224886478305 -1.7039118538350762 0.0013098677464518597
0.3406372059723892 -1.3575483994392643 5.944224886478305 -1.7039118538350762 0.0013098677464518597
0.3406372059723892 -1.3575483994392643 5.944224886478305 -1.7039118538350762 0.0013098677464518597
0.3406372059723892 -1.3575483994392643 5.944224886478305 -1.7039118538350762 0.0013098677464518597
0.3406372059723892 -1.3575483994392643 5.944224886478305 -1.7039118538350762 0.0013098677464518597
0.3406372059723892 -1.3575483994392643 5.944224886478305 -1.7039118538350762 0.0013098677464518597
0.3406372059723892 -1.3575483994392643 5.944224886478305 -1.7039118538350762 0.0013098677464518597
0.3406372059723892 -1.3575483994392643 5.944224886478305 -1.7039118538350762 0.0013098677464518597
0.3406372059723892 -1.3575483994392643 5.944224886478305 -1.7039118538350762 0.0013098677464518597
0.3406372059723892 -1.3575483994392643 5.944224886478305 -1.7039118538350762 0.0013098677464518597
0.3406372059723892 -1.3575483994392643 5.944224886478305 -1.7039118538350762 0.0013098677464518597
0.3406372059723892 -1.3575483994392643 5.944224886478305 -1.7039118538350762 0.0013098677464518597
0.3406372059723892 -1.3575483994392643 5.944224886478305 -1.7039118538350762 0.0013098677464518597
0.3406372059723892 -1.3575483994392643 5.944224886478305 -1.7039118538350762 0.0013098677464518597
0.3406372059723892 -1.3575483994392643 5.944224886478305 -1.7039118538350762 0.0013098677464518597
0.3406372059723892 -1.3575483994392643 5.944224886478305 -1.7039118538350762 0.0013098677464518597
0.3406372059723892 -1.3575483994392643 5.944224886478305 -1.7039118538350762 0.0013098677464518597
0.3406372059723892 -1.3575483994392643 5.944224886478305 -1.7039118538350762 0.0013098677464518597
0.3406372059723892 -1.3575483994392643 5.944224886478305 -1.7039118538350762 0.0013098677464518597
0.3406372059723892 -1.3575483994392643 5.944224886478305 -1.7039118538350762 0.0013098677464518597
0.3406372059723892 -1.3575483994392643 5.944224886478305 -1.7039118538350762 0.0013098677464518597
0.3406372059723892 -1.3575483994392643 5.944224886478305 -1.7039118538350762 0.0013098677464518597
0.3406372059723892 -1.3575483994392643 5.944224886478305 -1.7039118538350762 0.0013098677464518597
0.3406372059723892 -1.3575483994392643 5.944224886478305 -1.7039118538350762 0.0013098677464518597
0.3406372059723892 -1.3575483994392643 5.944224886478305 -1.7039118538350762 0.0013098677464518597
0.3406372059723892 -1.3575483994392643 5.944224886478305 -1.7039118538350762 0.0013098677464518597
0.3406372059723892 -1.3575483994392643 5.944224886478305 -1.7039118538350762 0.0013098677464518597
0.03340410815224465 0.16549599518066763 1.0881941835240727 0.4554713163712084 0.0006274481283310108
0.03340410815224465 0.16549599518066763 1.0881941835240727 0.4554713163712084 0.0006274481283310108
0.03340410815224465 0.16549599518066763 1.0881941835240727 0.4554713163712084 0.0006274481283310108
0.03340410815224465 0.16549599518066763 1.0881941835240727 0.4554713163712084 0.0006274481283310108
0.03340410815224465 0.16549599518066763 1.0881941835240727 0.4554713163712084 0.0006274481283310108
0.03340410815224465 0.16549599518066763 1.0881941835240727 0.4554713163712084 0.0006274481283310108
0.03340410815224465 0.16549599518066763 1.0881941835240727 0.4554713163712084 0.0006274481283310108
0.03340410815224465 0.16549599518066763 1.0881941835240727 0.4554713163712084 0.0006274481283310108
0.03340410815224465 0.16549599518066763 1.0881941835240727 0.4554713163712084 0.0006274481283310108
0.03340410815224465 0.16549599518066763 1.0881941835240727 0.4554713163712084 0.0006274481283310108
0.03340410815224465 0.16549599518066763 1.0881941835240727 0.4554713163712084 0.0006274481283310108
0.03340410815224465 0.16549599518066763 1.0881941835240727 0.4554713163712084 0.0006274481283310108
0.03340410815224465 0.16549599518066763 1.0881941835240727 0.4554713163712084 0.0006274481283310108
0.03340410815224465 0.16549599518066763 1.0881941835240727 0.4554713163712084 0.0006274481283310108
0.03340410815224465 0.16549599518066763 1.0881941835240727 0.4554713163712084 0.0006274481283310108
0.03340410815224465 0.16549599518066763 1.0881941835240727 0.4554713163712084 0.0006274481283310108
0.03340410815224465 0.16549599518066763 1.0881941835240727 0.4554713163712084 0.0006274481283310108
0.03340410815224465 0.16549599518066763 1.0881941835240727 0.4554713163712084 0.0006274481283310108
0.03340410815224465 0.16549599518066763 1.0881941835240727 0.4554713163712084 0.0006274481283310108
0.03340410815224465 0.16549599518066763 1.0881941835240727 0.4554713163712084 0.0006274481283310108
0.03340410815224465 0.16549599518066763 1.0881941835240727 0.4554713163712084 0.0006274481283310108
0.03340410815224465 0.16549599518066763 1.0881941835240727 0.4554713163712084 0.0006274481283310108
0.03340410815224465 0.16549599518066763 1.0881941835240727 0.4554713163712084 0.0006274481283310108
0.03340410815224465 0.16549599518066763 1.0881941835240727 0.4554713163712084 0.0006274481283310108
0.03340410815224465 0.16549599518066763 1.0881941835240727 0.4554713163712084 0.0006274481283310108
0.03340410815224465 0.16549599518066763 1.0881941835240727 0.4554713163712084 0.0006274481283310108
0.03340410815224465 0.16549599518066763 1.0881941835240727 0.4554713163712084 0.0006274481283310108
0.03340410815224465 0.16549599518066763 1.0881941835240727 0.4554713163712084 0.0006274481283310108
0.03340410815224465 0.16549599518066763 1.0881941835240727 0.4554713163712084 0.0006274481283310108
0.03340410815224465 0.16549599518066763 1.0881941835240727 0.4554713163712084 0.0006274481283310108
0.03340410815224465 0.16549599518066763 1.0881941835240727 0.4554713163712084 0.0006274481283310108
0.03340410815224465 0.16549599518066763 1.0881941835240727 0.4554713163712084 0.0006274481283310108
0.03340410815224465 0.16549599518066763 1.0881941835240727 0.4554713163712084 0.0006274481283310108
0.03340410815224465 0.16549599518066763 1.0881941835240727 0.4554713163712084 0.0006274481283310108
0.03340410815224465 0.16549599518066763 1.0881941835240727 0.4554713163712084 0.0006274481283310108
0.03340410815224465 0.16549599518066763 1.0881941835240727 0.4554713163712084 0.0006274481283310108
0.03340410815224465 0.16549599518066763 1.0881941835240727 0.4554713163712084 0.0006274481283310108
0.03340410815224465 0.16549599518066763 1.0881941835240727 0.4554713163712084 0.0006274481283310108
0.03340410815224465 0.16549599518066763 1.0881941835240727 0.4554713163712084 0.0006274481283310108
0.03340410815224465 0.16549599518066763 1.0881941835240727 0.4554713163712084 0.0006274481283310108
0.03340410815224465 0.16549599518066763 1.0881941835240727 0.4554713163712084 0.0006274481283310108
0.03340410815224465 0.16549599518066763 1.0881941835240727 0.4554713163712084 0.0006274481283310108
0.03340410815224465 0.16549599518066763 1.0881941835240727 0.4554713163712084 0.0006274481283310108
0.03340410815224465 0.16549599518066763 1.0881941835240727 0.4554713163712084 0.0006274481283310108
0.03340410815224465 0.16549599518066763 1.0881941835240727 0.4554713163712084 0.0006274481283310108
0.03340410815224465 0.16549599518066763 1.0881941835240727 0.4554713163712084 0.0006274481283310108
0.03340410815224465 0.16549599518066763 1.0881941835240727 0.4554713163712084 0.0006274481283310108
0.03340410815224465 0.16549599518066763 1.0881941835240727 0.4554713163712084 0.0006274481283310108
0.03340410815224465 0.16549599518066763 1.0881941835240727 0.4554713163712084 0.0006274481283310108
0.03340410815224465 0.16549599518066763 1.0881941835240727 0.4554713163712084 0.0006274481283310108
-0.071201598583917 0.5992846326536703 1.4723349828366132 0.8846729317636587 0.003983289694738702
-0.071201598583917 0.5992846326536703 1.4723349828366132 0.8846729317636587 0.003983289694738702
-0.071201598583917 0.5992846326536703 1.4723349828366132 0.8846729317636587 0.003983289694738702
-0.071201598583917 0.5992846326536703 1.4723349828366132 0.8846729317636587 0.003983289694738702
-0.071201598583917 0.5992846326536703 1.4723349828366132 0.8846729317636587 0.003983289694738702
-0.071201598583917 0.5992846326536703 1.4723349828366132 0.8846729317636587 0.003983289694738702
-0.071201598583917 0.5992846326536703 1.4723349828366132 0.8846729317636587 0.003983289694738702
-0.071201598583917 0.5992846326536703 1.4723349828366132 0.8846729317636587 0.003983289694738702
-0.071201598583917 0.5992846326536703 1.4723349828366132 0.8846729317636587 0.003983289694738702
-0.071201598583917 0.5992846326536703 1.4723349828366132 0.8846729317636587 0.003983289694738702
-0.071201598583917 0.5992846326536703 1.4723349828366132 0.8846729317636587 0.003983289694738702
-0.071201598583917 0.5992846326536703 1.4723349828366132 0.8846729317636587 0.003983289694738702
-0.071201598583917 0.5992846326536703 1.4723349828366132 0.8846729317636587 0.003983289694738702
-0.071201598583917 0.5992846326536703 1.4723349828366132 0.8846729317636587 0.003983289694738702
-0.071201598583917 0.5992846326536703 1.4723349828366132 0.8846729317636587 0.003983289694738702
-0.071201598583917 0.5992846326536703 1.4723349828366132 0.8846729317636587 0.003983289694738702
-0.071201598583917 0.5992846326536703 1.4723349828366132 0.8846729317636587 0.003983289694738702
-0.071201598583917 0.5992846326536703 1.4723349828366132 0.8846729317636587 0.003983289694738702
-0.071201598583917 0.5992846326536703 1.4723349828366132 0.8846729317636587 0.003983289694738702
-0.071201598583917 0.5992846326536703 1.4723349828366132 0.8846729317636587 0.003983289694738702
-0.071201598583917 0.5992846326536703 1.4723349828366132 0.8846729317636587 0.003983289694738702
-0.071201598583917 0.5992846326536703 1.4723349828366132 0.8846729317636587 0.003983289694738702
-0.071201598583917 0.5992846326536703 1.4723349828366132 0.8846729317636587 0.003983289694738702
-0.071201598583917 0.5992846326536703 1.4723349828366132 0.8846729317636587 0.003983289694738702
-0.071201598583917 0.5992846326536703 1.4723349828366132 0.8846729317636587 0.003983289694738702
-0.071201598583917 0.5992846326536703 1.4723349828366132 0.8846729317636587 0.003983289694738702
-0.071201598583917 0.5992846326536703 1.4723349828366132 0.8846729317636587 0.003983289694738702
-0.071201598583917 0.5992846326536703 1.4723349828366132 0.8846729317636587 0.003983289694738702
-0.071201598583917 0.5992846326536703 1.4723349828366132 0.8846729317636587 0.003983289694738702
-0.071201598583917 0.5992846326536703 1.4723349828366132 0.8846729317636587 0.003983289694738702
-0.071201598583917 0.5992846326536703 1.4723349828366132 0.8846729317636587 0.003983289694738702
-0.071201598583917 0.5992846326536703 1.4723349828366132 0.8846729317636587 0.003983289694738702
-0.071201598583917 0.5992846326536703 1.4723349828366132 0.8846729317636587 0.003983289694738702
-0.071201598583917 0.5992846326536703 1.4723349828366132 0.8846729317636587 0.003983289694738702
-0.071201598583917 0.5992846326536703 1.4723349828366132 0.8846729317636587 0.003983289694738702
-0.071201598583917 0.5992846326536703 1.4723349828366132 0.8846729317636587 0.003983289694738702
-0.071201598583917 0.5992846326536703 1.4723349828366132 0.8846729317636587 0.003983289694738702
-0.071201598583917 0.5992846326536703 1.4723349828366132 0.8846729317636587 0.003983289694738702
-0.071201598583917 0.5992846326536703 1.4723349828366132 0.8846729317636587 0.003983289694738702
-0.071201598583917 0.5992846326536703 1.4723349828366132 0.8846729317636587 0.003983289694738702
-0.071201598583917 0.5992846326536703 1.4723349828366132 0.8846729317636587 0.003983289694738702
-0.071201598583917 0.5992846326536703 1.4723349828366132 0.8846729317636587 0.003983289694738702
-0.071201598583917 0.5992846326536703 1.4723349828366132 0.8846729317636587 0.003983289694738702
-0.071201598583917 0.5992846326536703 1.4723349828366132 0.8846729317636587 0.003983289694738702
-0.071201598583917 0.5992846326536703 1.4723349828366132 0.8846729317636587 0.003983289694738702
-0.071201598583917 0.5992846326536703 1.4723349828366132 0.8846729317636587 0.003983289694738702
-0.071201598583917 0.5992846326536703 1.4723349828366132 0.8846729317636587 0.003983289694738702
-0.071201598583917 0.5992846326536703 1.4723349828366132 0.8846729317636587 0.003983289694738702
-0.071201598583917 0.5992846326536703 1.4723349828366132 0.8846729317636587 0.003983289694738702
-0.071201598583917 0.5992846326536703 1.4723349828366132 0.8846729317636587 0.003983289694738702
