23300
25
-772.8396786297911
-745.6919856659051
-758.3209509151998
-751.8790648262915
-758.306540652644
-755.8070155738769
-753.2522869402051
-749.6449856987235
-749.4056345247864
-758.7632961599085
-751.4013964080791
-773.8446228973268
-773.3624989839426
-748.7556587313655
-769.9723190173087
-771.1659667818783
-773.2096026035006
-747.8152789563791
-757.0145097391128
-784.4245759258042
-762.6334771712062
-746.0465013859562
-770.0802632971528
-761.098522008112
-750.9439884189121
38300
25
-971.6647400970347
-937.1095637774147
-980.6417932067868
-986.6645542802576
-948.6418642170266
-947.8523069761297
-970.1464243844712
-982.8682509190567
-959.622679432838
-962.4113847145092
-937.3342670631293
-954.6129968696761
-991.2587543033959
-980.8147598220266
-955.8246253546023
-953.2939992164369
-991.5644571716174
-937.0396898380496
-949.985576207753
-988.7397852027451
-940.3855302179218
-938.3356474372881
-942.4838894889173
-937.1010115933273
-985.5422362799756
64300
25
-359.5392360184032
-361.6311377672374
-363.7822992745562
-362.4645458303333
-344.36041651865605
-351.09864042934737
-354.63213561634166
-367.11910657511146
-362.1065375119924
-357.64695185517644
-358.0474502716132
-358.30989048322016
-357.44383462026144
-339.6906076270241
-347.09038632098407
-361.49072277338513
-360.4619359261991
-362.40941619795586
-373.1071096735035
-354.97238018162716
-344.9424027859329
-349.0342215317252
-362.77890473586314
-348.3883671019607
-346.7694967654887
77300
25
-334.46448098018857
-322.57511201845375
-330.1597018126967
-339.2252480957981
-337.1854071276098
-322.4652686067196
-325.596709260686
-333.1670777631407
-350.1824509320734
-325.2883505583642
-346.22959473658216
-321.74642935416676
-340.4310626486619
-329.68265479085767
-345.2219380427688
-349.84804756986244
-323.35709984487
-349.7425358555296
-330.05263944165733
-336.81334330708415
-342.3360939888028
-352.6159396281302
-328.58757082358125
-323.1163210904596
-352.3079823765722
94300
25
-310.08642463636323
-308.7991072054864
-311.86641506475206
-314.91879072810457
-302.0713183133366
-305.49867386545566
-301.1116513213397
-334.4360160891369
-316.68081273141377
-294.3783429708479
-298.1292178134382
-313.97026871924436
-314.4664723322881
-300.42831600676766
-293.6083248511315
-305.3817102463248
-291.65182116045355
-300.94627075927235
-322.7571238558411
-325.3960973798863
-308.7676443832514
-307.6717129231333
-310.82719040275845
-321.61701391798255
-294.7017698830366
