22000
25
-128.03248770556263
-129.6261545521996
-130.15982896267042
-128.49324939747734
-129.4209298508754
-129.9179299379669
-130.0644033824848
-129.544633583105
-129.37490992475597
-130.7931901377556
-127.76046552648323
-129.49849898726438
-129.79676020799036
-130.04320660117105
-129.84756140648142
-130.07346833166537
-128.56764129729805
-127.97044066817797
-129.16232395711702
-129.04323973942175
-128.56312364088583
-128.4417248021944
-127.59634032783195
-128.89248200167023
-130.11877868038306
