43600
25
-902.6141947810406
-926.4889831653269
-895.2090493672071
-911.9200069123493
-888.1219287525879
-888.7919195242328
-832.0228483547323
-957.9021385420507
-834.8470585380952
-958.9151064849713
-819.598906481638
-865.4279291974319
-873.7618816874649
-864.459812498406
-896.224735685649
-875.4696369095166
-920.8996969669922
-893.9735263082631
-864.2964149545587
-905.9128730430036
-847.1344523185533
-905.9888565861293
-869.2488521435521
-868.1566704667803
-837.3318275902222
58000
25
-992.7739253744872
-950.5447466824995
-984.1823590493979
-995.3013207093983
-1035.2071035110275
-1044.9147993523163
-950.3874151403777
-924.1255429954969
-932.6084097217005
-934.399458480638
-967.2867663065196
-959.8154204472035
-931.5637369969661
-978.6127620167672
-932.2217727712692
-922.2365374086155
-957.1110832195457
-982.3516483621311
-966.7655462954426
-944.2783523107374
-1004.1181545676301
-1003.4357003013355
-955.4460159244139
-989.6263457329635
-977.182883956601
