16200
25
-1.719623996420465
-1.815599647954693
-1.9464158447847935
-1.9277836608000314
-1.6902351603383856
-2.098231747559588
-1.6967238109035994
-2.092462791458154
-2.137895728288399
-1.8015506686669664
-1.7734993472382934
-1.757646596519852
-1.758478440656238
-2.110038259335737
-1.6809114382184847
-1.7279945985307235
-1.7728817640312282
-1.9903194847240286
-1.6939182357565916
-2.052438171432606
-2.0692309815138574
-1.8297725446285376
-2.1191755607244067
-1.7159151527652388
-1.8757989171200007
22200
25
-3.3548135097358984
-3.3331304993749353
-3.030942402114279
-3.4114010319547674
-3.170192037116322
-3.017071615378889
-3.4439760348914414
-3.3726470183861403
-3.418659464805607
-3.246690348955977
-3.112088713507869
-3.3275357872389044
-2.985112884289359
-3.3195568969886025
-3.275287409452545
-3.083407497461177
-3.478758357638505
-3.3117951354224466
-3.4008246284407107
-3.0489291264015472
-3.4392277297614475
-3.194223331411113
-3.1772484560075345
-3.3847384229577875
-3.0718031764942237
27200
25
-3.1629373679156805
-3.2467283694467373
-3.029410810995206
-2.919784443499635
-3.0453470607608515
-3.0823752008964433
-3.035303959263662
-3.0026740063318
-2.8159419554273546
-3.113282013851519
-3.2714950978803405
-2.90887435812951
-3.164244841054909
-3.235357036971355
-3.061171585923596
-3.142095654061036
-3.2932207385408696
-3.134141746284942
-3.2007212096181186
-2.92799069439677
-3.001911304298182
-3.297524773293794
-3.193301162831156
-2.962583156235287
-2.981932784268299
33200
25
-3.2412872100182564
-3.3587987869973106
-3.3341971676687825
-3.282500938423015
-3.233694599123762
-3.4820202698996705
-3.3217245768488586
-3.2252084141738564
-3.3915486448362384
-3.240173506994957
-3.272532587318477
-3.445514204427917
-3.2926326935039225
-3.304151242965858
-3.4918366951288795
-3.4660600026145385
-3.367384719550155
-3.2587313517679033
-3.409811135854486
-3.4599912163210766
-3.2743735059230006
-3.2900785794236995
-3.2486373533664525
-3.226441652816981
-3.3420181931847197
