-6.841963525518179 13.452769245424166 21.8832581808246 27.76540049340055 -1.6691389290264007
-6.664623663397352 15.910748621022648 24.902077671152885 31.132350654939476 -1.7331995792279082
-6.241069879693397 14.773855104242879 24.749530306146355 28.808419139849903 -1.6089347169211146
-5.670024778553571 13.327674695121498 24.311315400393482 26.529985450766027 -1.474540382390303
-5.219122798180364 11.54410166255894 23.492429732672818 23.05651749360382 -1.264163922448014
-4.774198962279437 9.734775447540208 22.270237243586678 19.163738040775478 -1.0200707481717062
-4.507879250282568 8.682727175927793 21.722889785185885 16.92511525423812 -0.8784092048850871
-4.352319873212633 8.109585715997815 21.563570355261515 15.717941112010257 -0.8019181490108513
-4.100501788797732 7.356515903656269 21.332486795568737 14.1769561332037 -0.7111526011612976
-3.5516124366813804 6.0440887783090185 20.762536545959332 11.632259201961253 -0.5689776713165818
-3.1446123667102777 5.160522789339318 20.435633369151358 9.947032975624383 -0.47783155794603827
-2.9215240653294434 4.672961804129999 20.25899731164479 8.980436556550941 -0.42626545469257665
-2.7054811344963867 4.219240964826657 20.18070385358012 8.080925337974172 -0.37839742257506953
-2.5730997917228553 3.9813115899626212 20.14727228468852 7.585794621336385 -0.35350113182654597
-2.5381623037977836 3.9075807053496416 20.068200172987208 7.34834851238596 -0.34179289893243936
-2.6239228791799873 4.054459093092787 20.028218715830597 7.487648425881769 -0.35017501753019364
-2.722661719579448 4.258050177070651 20.051862185663122 7.7360976483818265 -0.364681070266428
-2.8604747820350465 4.527298303790909 20.08714717259609 8.095586420720833 -0.38532792240165886
-3.0282869202999496 4.839467570657417 20.096280689631122 8.537204081816437 -0.4093950828183887
-3.1696909360512078 5.097960450656492 20.196655515917044 8.892933308406207 -0.43147352992930604
-3.321605208578471 5.367888380041873 20.13528559334804 9.225035436001013 -0.4508380992783983
-3.5311775626824633 5.721027671625392 19.856721557542855 9.687793455805274 -0.47594953287356595
-3.6320325366962685 5.949086530070252 19.680021750956655 9.99246522049402 -0.49549798582380594
-3.7426139137410983 6.175536519410527 19.59251786370843 10.311358481748488 -0.5178534512570552
-3.878443933532209 6.488292789497027 19.82461043045836 10.775861459925476 -0.5507688951652054
-4.057706366727767 6.852849871186933 19.862268218245777 11.299442293341034 -0.5856037972254053
-4.236788261067596 7.192364329147921 19.708163595836584 11.798941879986888 -0.6166302493187651
-4.353800355233691 7.4420642355971856 19.528207125304498 12.17763500360298 -0.64027600263463
-4.390627948068515 7.533176643380896 19.331962158015074 12.28721752689549 -0.6505837185388297
-4.58027657079579 7.829145350489877 19.33316758445134 12.701372268805082 -0.6800197989105938
-4.7943259477679625 8.127038080520158 19.16119892172136 13.103082632349762 -0.7096194937724563
-4.744319967917903 7.945494662801676 18.99303981033581 12.787448066777506 -0.701452745125692
-4.603965600783998 7.570968812056831 18.760633143841606 12.14237638548602 -0.6751876906433838
-4.762225654626755 7.738027670411587 18.79367904470456 12.372940201438299 -0.6952285848478442
-4.70277401994038 7.617630136205124 18.893414022220153 12.178340461794187 -0.6916531929805183
-4.356033738534313 7.01600787874586 18.97626175663695 11.260535447559924 -0.6459597265983231
-3.186409946121137 5.000012346526477 19.128973614468677 8.181014826570701 -0.4771130172974493
-2.9468679926355654 4.544763236236299 19.358627274512774 7.55052440018388 -0.4359656146229316
-2.847516252693832 4.339223035908312 19.332662647315495 7.263283338594256 -0.4169828180386347
-2.312573721129928 3.3459921480344526 19.26521613864325 5.769241058100343 -0.3268706897535877
-0.6517056611421166 0.41477241135986753 18.96827937233731 1.4062720801120723 -0.05713299954374462
0.02412372147088608 -0.8227515277062782 18.893077317980353 -0.40009142192064545 0.06290857764195606
0.05896394118723635 -0.9305448272489184 18.90954389549901 -0.5477359549418138 0.07777194810996002
0.3720894636685156 -1.4695800804806574 18.865016364051645 -1.3979953064639565 0.12736781018111404
0.8204988222709456 -2.1894744518876115 18.953296745996568 -2.5360180875533387 0.18999630976254772
0.7365049908410142 -2.0204818662548716 19.0458530059731 -2.2982738627586015 0.177435181077611
0.724641911120158 -1.987499155197204 19.047663444565472 -2.308451048437511 0.17664041226268473
0.5299908387934836 -1.6746385613054182 18.838087232636372 -1.8125122369559947 0.15474688209097137
0.32183658462647047 -1.2909678556079514 18.885106615687906 -1.245114368927362 0.12015019039345398
0.04002142104466174 -0.8502428701431208 18.92718599635577 -0.4927771911963395 0.08618429306935975
-0.33662942133672474 -0.2801548794805719 18.955154693483973 0.4810348202693677 0.042802146201025126
-0.5377421909622515 0.014077159630235231 18.907011912413857 1.010895636460348 0.02253006171030874
-0.6975675386577637 0.2546415844943363 18.910099384813105 1.4609865152974255 0.0076413672044087465
-0.6092701245370026 0.10797502826021775 18.775491430665824 1.3177838934371267 0.02593129957508464
-0.6189939183021925 0.11857914395912081 18.727459504239597 1.4097292908868624 0.030339295397542664
-0.5853343071514933 0.09837448745090727 18.75053654456434 1.4045007548848056 0.03303454296789947
-0.32845439997255116 -0.2342547818572489 18.64132664349126 0.8881221422813277 0.05800714921186083
-0.03872597975694814 -0.5989861044347004 18.523789991198385 0.3044092543780571 0.08291512584631168
0.444955418397176 -1.2817862635939405 18.369508131662766 -0.7472276815669715 0.1343368519622666
0.8896637353905569 -1.928528481141543 18.245561164945492 -1.7182987346674086 0.1825457711434884
1.2065619479109833 -2.3853845318865297 18.140354309787526 -2.4013925908358154 0.2151193777685885
1.3352373851356492 -2.556300172403417 18.00528458414985 -2.668982732239866 0.22442501616915372
1.2562527385889277 -2.406809326828543 18.063065669952895 -2.4302764650429705 0.20855392842325957
1.10041515303 -2.1426549076460106 18.172799587399062 -2.0157509043292747 0.18444160366189724
0.9535388498915334 -1.9000049166176787 18.3022527975642 -1.6277768465171798 0.16218379730543556
0.7353822378095014 -1.5625995978616267 18.413703681678093 -1.0825915199972918 0.13452973338198043
0.5079364471507389 -1.2190135134461366 18.551537553536676 -0.49420087006863855 0.1061650549154963
0.2981316810981579 -0.9139024399692858 18.760537771069956 0.04391185261538138 0.0816147884846394
0.1417231239667512 -0.6867788425611402 18.92470293888005 0.4305467980754761 0.06395864301512841
0.04221433026708562 -0.537747224501955 19.102075286444016 0.687058011474899 0.050397795581776705
-0.0711454559968424 -0.3722580265146685 19.177958679316202 0.9599127366732243 0.0355811648682853
-0.1784494173250909 -0.20147958239184505 19.312512455502908 1.2266822810909979 0.0193682791619538
-0.10704727476540632 -0.2900611682236249 19.465707213735175 1.0355772719565823 0.021836286134703592
0.008408739303372876 -0.46530467999844694 19.573943102128986 0.68768960840211 0.033308302377713594
0.010640665008328795 -0.47046054720683705 19.60704114413805 0.6373909828313028 0.032113754239547654
0.063956701863946 -0.5642533014872603 19.391654216796514 0.42596572277170197 0.03895366745462239
0.12497851877270234 -0.6790715802242692 19.217270484046388 0.19263209019069502 0.048621076453786743
0.16546485243805767 -0.7877917255035823 19.002914330425906 0.0053332212233159525 0.06002876106686414
0.038070334080674416 -0.6294048710363096 18.87674686901412 0.28093067257139803 0.05016741092379365
-0.1266889841349872 -0.40762799097551017 18.835008368893345 0.6637780836506887 0.03516069252806592
-0.1907466541738192 -0.3217698715547004 18.80859322609466 0.8121216047945556 0.02755625549988161
-0.18509946929350762 -0.32786679029209853 18.63116506229574 0.7701117027008291 0.027143861404665334
-0.2099186266840247 -0.2977853805909129 18.51188376578752 0.7995797403796445 0.024572273727941005
-0.18341533648004352 -0.344003167408545 18.27167085089483 0.6856882232122136 0.028909980166548097
-0.07742210594220608 -0.5256311727122622 17.888346879801894 0.36361102313029103 0.04554522425911244
-0.005037698933086191 -0.6406064529238403 17.58326774578903 0.1446394192041328 0.05600753463370684
0.05456143231509113 -0.7256934481377937 17.31381533173745 -0.035548136276379864 0.06455497083934104
0.09792525888913074 -0.8054657213646509 17.108568111855142 -0.19327287122537193 0.07590167962346699
0.14270434008895436 -0.8898381549955389 17.012197194817354 -0.34226112335837405 0.08760187801679127
0.1792181891449079 -0.9502975038775345 16.927563088169077 -0.4587200785427226 0.09417209867849614
0.1931212865194173 -0.9724411506119414 16.860332041296797 -0.5161512360985857 0.09692373107409319
0.19340354470142265 -0.9618541656966215 16.794551426881885 -0.541592632482642 0.09668854046029744
0.18011829795041726 -0.9465161909649134 16.77684157051936 -0.5259923905285522 0.09663720956816571
0.14151107699830656 -0.8923228237616905 16.78826719328342 -0.4387837829370117 0.09326110115323931
0.136913876624594 -0.8868662731809422 16.752350914392824 -0.44578573577037006 0.09335940545414688
0.197058875607983 -0.9801907771788311 16.6503066407948 -0.6282132426213609 0.10160543232617351
0.21612202945033082 -1.0071483768904927 16.647803332932778 -0.6759815723539193 0.1029776141748543
0.20890213427906487 -0.9975706797404831 16.75846072215594 -0.636024587892598 0.10034024281871019
0.23948580792961752 -1.0472222877342117 16.83215295136074 -0.6979189366698608 0.10316368780892209
0.26394339983838055 -1.0827598615649046 16.832974280620896 -0.7592939931813383 0.10573011476973765
