43600
25
-2324.7189323456564
-2227.3795282647616
-2282.298465613596
-2233.840919008648
-2358.430396760005
-2304.597498377939
-2296.9870252995024
-2256.640870716879
-2294.673912810301
-2195.0257666441025
-2299.416871538648
-2316.257397184274
-2269.1848010366803
-2269.7570294616057
-2320.992333901278
-2250.166375015508
-2278.146397081926
-2297.086762810276
-2354.889934371611
-2316.050492577899
-2225.77161650172
-2303.4631066312104
-2321.767380245451
-2273.9505097834794
-2260.498396524632
79600
25
-2216.3519169012657
-2264.262475539206
-2228.876178245049
-2280.1171713492267
-2256.407302857483
-2304.3887680376465
-2239.870778092174
-2212.5230338415645
-2283.435703979912
-2272.53906734365
-2226.1918029509793
-2232.75937330493
-2289.2048503940787
-2301.499618046667
-2248.403042145158
-2283.1658958318376
-2239.314336015755
-2251.903661521663
-2247.0671338657767
-2318.794332400487
-2283.2444029311846
-2217.7096303099574
-2257.6921253928754
-2262.1846453509943
-2253.4165708877567
96400
25
-2220.518743777458
-2186.039312603492
-2177.904340400571
-2217.355325329452
-2193.8311066733654
-2278.677477791665
-2274.1598213876555
-2237.209365411121
-2198.364496828492
-2191.6073732982672
-2286.646113673296
-2217.2840472476432
-2215.7961186618154
-2215.9217396340246
-2199.276828448677
-2200.781640094978
-2217.163155985231
-2246.8068031686935
-2213.4915977091123
-2201.793020568482
-2295.1047956032276
-2157.1830334389065
-2263.881052697071
-2168.094206242294
-2195.839696422031
