11.805305030922046 5.8994560038384805 41.15594396137128 8.050551153377041 4.302557945251465
9.15771648738864 5.141911395870973 37.39363106994096 7.025904337376606 3.3913268592588635
3.825069160723326 10.404962949227968 14.264921970040655 14.601430698134529 3.5003608316586785
3.1539177513058188 4.5056796014852 20.513738796150722 5.270173435654722 1.7299267411739674
1.279077243546698 2.37166633579875 19.64198565357747 1.7811765501965642 0.7558121597244988
0.07508105353031791 2.5611059846032282 17.102800236689035 2.0090154408611363 0.5575045018758806
-0.3435794363340183 2.820154210894056 15.99136807001714 2.407563481654168 0.5360723474922264
-0.2669053236069942 2.8349311765031837 16.1439037179381 2.453594229110879 0.5482032149117386
0.08973544844719981 2.788718382341395 16.904997684556196 2.4143828165222168 0.6031395835011313
0.5090642630021204 2.815530462795297 17.68434626253454 2.4859711568934117 0.6940559800290158
0.9143511949605562 2.8875387033347297 18.36890263003484 2.620486622587067 0.7977816783200042
1.2507421701682253 2.944764014003134 18.932003147098783 2.722972243108399 0.8857129445196481
1.591391867564343 2.8675390051554097 19.654211303550287 2.6054131894493557 0.9433119069619127
1.7456396684910673 2.7973364935460956 20.020904953040947 2.4946181904849616 0.961169822532266
1.934225163056177 2.468658239379453 20.749339588839945 1.9685248107116375 0.9241658928362924
2.0175769057308317 2.0808330806803723 21.348356996321375 1.3465633294260015 0.8497003130838621
1.9783409384139763 1.9291994793141631 21.44662239496622 1.1034957996497052 0.8050298551842991
1.9574680946123248 1.3572719223211178 22.048410420127446 0.18523591062841527 0.666639658763986
1.8572571371504953 0.5858005573675815 22.719782467553436 -1.0523842431724804 0.46540347583556496
1.7069142434560656 0.21124320868548108 22.85431551601486 -1.6492264230989262 0.3452475153719623
1.630929323785439 0.6558319904864561 22.203990822469933 -0.933439255395311 0.43490498070235084
1.542893698715174 0.8790981563273286 21.757570391211345 -0.5771523231558437 0.47606012549125687
1.462479849152757 1.1264872587354247 21.289336605304662 -0.18366431907634717 0.5270285995607322
1.7808261143752364 2.4139479947062554 20.498329240926562 1.8799749206527256 0.8840667503323916
2.315339762397694 3.2357023989286855 20.766282243997413 3.211011110843022 1.1441701583838766
2.7333753176650046 2.771284020782051 22.325684296976416 2.49823924434501 1.058475970906188
2.4783030808399373 2.1359523712147226 22.499531364972928 1.4783485102499871 0.8694305341131447
2.1461529676111697 2.2159639144175047 21.612679948613035 1.5863118987269014 0.8621129692784253
1.8950079815174719 2.56794888370834 20.58320545299408 2.1305395282655386 0.9336051221803077
1.8029846007402355 2.7715881341871467 20.113011216674618 2.449230998657318 0.9797602497877484
2.998114542765621 1.2873752182280227 24.549931101468253 0.2656010506833098 0.7384473683242181
10.189113478223392 4.008119872884554 38.59576972891924 5.3398414572827235 3.4867416245382765
10.66803172326805 5.483019922545475 39.63117519005647 7.4762933863148 3.890380547995221
10.250106704807688 6.460721187598489 38.94115504825348 8.895706902996936 3.9008512720116357
10.42019531186033 6.057349810655087 39.33611612956172 8.303266165288889 3.8822555721332783
10.471891305915806 5.934689928012999 39.56067220804867 8.115802744201353 3.8631408307252624
10.533899057879614 5.781436536563642 39.89251449192971 7.87681513503135 3.8303547588341242
10.708697567556241 5.377705284789407 39.96165709210227 7.3046874806126425 3.8536147340836306
10.732447168059698 5.334895930265142 39.78081975363197 7.258085482123204 3.883430754236728
10.64650349432366 5.536509320089921 39.28354125593153 7.580645627128941 3.936806338826872
10.469965628529298 5.904739078025337 38.61763926803406 8.153990961422728 3.996413855726921
10.262108974485098 6.271789856461569 38.008951653343004 8.725864509559266 4.040468326654789
10.082511895587032 6.499046142170812 37.62574897680143 9.087420080614152 4.055824277749401
9.991359563201604 6.5011731763304965 37.59404996523788 9.105203375195165 4.037449451433869
10.016388802601613 6.306685119247322 37.896379432187096 8.81566417804417 3.996221266690916
10.132784177990105 6.030480856426971 38.37239363796149 8.39016385394868 3.9519911352250983
10.262138611931674 5.800212393980848 38.79447904701232 8.029356463079589 3.920180598210221
10.434832800291396 5.584020740600925 39.21968065269097 7.6808157882240975 3.8981001959016384
10.696971515233201 5.365396029887125 39.69510408076913 7.31110614499391 3.8879650103794443
10.98873742068833 5.202434522883715 40.08908250868588 7.016431610843633 3.893513238825167
11.167108636239277 5.145580245680852 40.237873070506325 6.898715855204436 3.9062671653899113
11.296010160482432 5.139164809637639 40.26986675472792 6.8640047409676335 3.922444473036708
11.212067744987785 5.2179683338198615 40.09233044093089 6.994902151480176 3.9266314975242906
11.036111427464652 5.31482743640956 39.887525707102334 7.169732719704657 3.9211530742887843
10.828140530000926 5.360833202986375 39.758066387065746 7.277768278153426 3.9028004486658006
10.657019362595019 5.303401586604169 39.76590507055457 7.229980077264763 3.8725198760576838
10.660051517998781 5.267152489734063 39.80324141760587 7.177349081501491 3.867247658215799
10.912323501514 5.664821631980141 39.474763415251914 7.697271198696532 3.960866340962051
10.713186787020305 6.132023011495974 37.458249650097095 8.293780532784737 3.8846021324935496
3.1384319338506845 -0.07580453038817518 26.023722459538487 -1.0835046070212142 0.6082712065721276
2.3221335130375276 0.16464500130824314 24.372514260628638 -1.2714013367725057 0.43019521165471364
2.005103339528838 1.8631123637142166 21.664564015027597 1.138809571543821 0.7868096757245677
1.7991603756680135 2.951328009142594 19.902618866596068 2.675901428674015 1.0116490882033817
1.6674579893273567 3.486117806665317 18.956847784931874 3.3821474319965006 1.103147899922134
1.5218819446170766 3.7004270619091812 18.343834679926374 3.5171736676867926 1.0827572980789486
1.5927510156281615 2.59738135977181 19.800600750420948 1.7427332194232545 0.7719460455912341
1.7838125132454279 1.517584649114457 21.522785006742968 0.19778099402734733 0.5410127707624328
1.8924568354070002 1.0724190469851778 22.288003789915255 -0.3965546506366731 0.4609771054094378
1.829439366984012 3.2395238768129184 19.658884534721363 3.2216294435926502 1.1256394737370892
1.7024212868086026 4.667433807567864 17.813511283397403 5.502536668271606 1.5293059479635618
1.612459687065546 4.820955806679179 17.610397141617266 5.696275655100129 1.5619212190073495
1.9419551843239713 2.217683337234286 20.966565455184806 1.5924632506359018 0.8353029224733595
2.2058761629955073 1.3743783638146652 22.184146254439785 0.3691892323061458 0.6321582376055996
1.9927656523595756 2.238848568432561 21.022062514408457 1.666242703542111 0.8565978823117719
2.0441700712885127 2.2610377520201705 21.051613993322334 1.7341659907397513 0.8739250203412574
2.589114171414277 1.7363935133899928 22.24197782954296 1.2024573187153824 0.8271990645320635
2.5527532794720376 1.9208898870392603 22.057669876590936 1.4791951928867013 0.8798427203798145
2.1650677259098208 2.410745662337562 21.053269492881327 2.045111279721499 0.945270091870273
1.6806295465486507 2.64989005673221 20.1901439722592 2.157073161118721 0.9161943058111861
1.2410309583413606 2.161041715306029 20.275405532235833 1.1318181969810885 0.6903907032042689
1.2591636013798155 1.644960190834409 21.10517312188277 0.27098390656210697 0.5542255677784818
10.185235632387126 4.025587775580546 38.3470032608143 5.400064412174893 3.43467041054806
10.697100188196092 5.083338619462505 39.56034044134643 6.90914841720957 3.8176596424041502
10.817429287632704 5.561931862722448 40.168667534688744 7.562119816443831 3.976230433539321
10.963480419667391 5.363653918848657 40.803006431296254 7.236629178780827 4.007807441659268
11.109119475756524 4.851056558877748 41.44595711829269 6.452525214301647 3.9804149294598385
11.24846223269128 4.105534013031332 42.12390576670502 5.321447312018938 3.913206396396393
11.177777110565495 3.764341828405809 41.91288380179968 4.828501842146337 3.826063887894273
10.904209437030781 4.464267947411042 40.685140043540116 5.920970285296904 3.8254639120906155
10.757153400008841 5.109760632932518 39.94112117510582 6.913013153825922 3.866219187487893
10.72725725795538 5.4540375769274325 39.68128644773568 7.444414741233842 3.9003614648157043
10.790479730560813 5.7206889898034445 39.68530458671044 7.868895966737602 3.942576091428138
10.943699420256157 5.689184977762736 40.0459220471789 7.84773798891413 3.9632998485621638
11.101301188055523 5.4110997278430695 40.53578466310109 7.44752140355074 3.9534381847334394
11.248123317968973 5.067775108912173 41.028685092227725 6.946024336087431 3.9326289743060663
11.218177346314196 4.867183126982778 41.056874770704745 6.63218913620121 3.901869050217602
11.083431358467232 4.892796663405122 40.74428016592945 6.646727548011973 3.8839398749673144
10.954619572347289 5.008712299264343 40.40290842165765 6.800929643402863 3.878852467312866
10.761234268368522 5.290925976442415 39.84102804020733 7.1982017071502975 3.885841617248385
10.207046075712055 6.265960136250649 38.155707084143174 8.59143685972655 3.928782257631111
