-0.2102471230709931 -0.13908249515209767 0.9640191416800763
-0.20010980889569996 -0.1465201510949359 0.9664330392167025
-0.18679446191456553 -0.15664863831422668 0.9691334373615087
-0.17153627653553807 -0.16857842120145777 0.9722502969703015
-0.1548728625859814 -0.18211119452653415 0.9758493009100525
-0.13578093959162923 -0.19739128611791437 0.979914121508218
-0.11527666253039141 -0.21296555695097819 0.9844138846135987
-0.09381380631271481 -0.22810526517458302 0.9891906025707273
-0.0763014225491797 -0.23892430885160504 0.9940676375794496
-0.0630922982627978 -0.24284316491462254 0.99813905723731
-0.053390216105045685 -0.24208777252112687 1.001602127482843
-0.04659458058917481 -0.2382186855565829 1.0045358338267518
-0.04368090794076887 -0.2299621528352441 1.0065072655157943
-0.04371023749323925 -0.22046473592847915 1.008255274840282
-0.04635717236396429 -0.21009120954995877 1.0098449755920942
-0.05198977921386426 -0.20002171148622583 1.0117412702553434
-0.059214818644125 -0.19028988811402298 1.0137367274500326
-0.06726157966787241 -0.1831361049102583 1.0165143366352443
-0.07321757112891938 -0.18277241803732527 1.0211539951156476
-0.07739545076974087 -0.18696043013430752 1.027124353741704
-0.08086203705620996 -0.19316751724541323 1.033834644048699
-0.08584136877330147 -0.19919811002159477 1.0406712848007906
-0.09013451105206409 -0.2062379330788942 1.0480267216758894
-0.09238799945880163 -0.21464493937477913 1.055888724186843
-0.09557581940952313 -0.2211533673865277 1.0630520703937378
-0.09732515915238836 -0.22701795319293638 1.0697869881630542
-0.09760044292116683 -0.23185097007762343 1.0757895474912407
-0.10028849144827548 -0.23337119349545218 1.0803746060005242
-0.10324786213854996 -0.23313242262082196 1.0838183330449378
-0.10656442633372683 -0.23293775688896265 1.087219212537736
-0.10819958168282183 -0.23571742800451884 1.0919987320369031
-0.10913480056232791 -0.23905792475571958 1.0970182931175576
-0.11045497329490529 -0.23872540894744887 1.100076581170329
-0.11185867477410008 -0.23525212565563147 1.1012934106573626
-0.11092951313513884 -0.2297645166045468 1.100698701200808
-0.11082474821625242 -0.21937382340829925 1.0970410489078752
-0.11185801336962278 -0.2041362949600234 1.0901612449857432
-0.11362239016198125 -0.18553974644713647 1.0807566633605183
-0.11662907151784555 -0.1650763672120519 1.069901349797997
-0.12253931236739894 -0.14311220744757053 1.0582505517988778
-0.12958442772815187 -0.12317918712084651 1.0479294418621028
-0.13812437675390613 -0.10606529667439875 1.0400069190512315
-0.1483894426537035 -0.09088546182280809 1.0340003526755355
-0.16089692349197157 -0.07696548999906329 1.0295912799261653
-0.17677875186585879 -0.06241309498405865 1.025793247482717
-0.19676139566425485 -0.0458833263028991 1.021800192092655
-0.21902473684076704 -0.02766477534541962 1.0171906245529378
-0.24289975671369796 -0.007747321348952783 1.011666862422515
-0.26858328921303337 0.013732914817512848 1.0053592337124155
-0.2927575790992719 0.03369308677272024 0.999736967430074
-0.31701030009732456 0.05352144893606392 0.9941669245926559
-0.3417341859633148 0.07162924359341352 0.9903900452826215
-0.3648943728974409 0.08615350313599893 0.9892504069650041
-0.38855942348498007 0.1001558674525396 0.9888871758634308
-0.41073214310189854 0.11109602403679017 0.9907987064400431
-0.43302720729479816 0.12196095806909016 0.9928928330530344
-0.45618142750028506 0.1317106583020096 0.9966990146853535
-0.48117112355683994 0.1413449381302091 1.0017684328970464
-0.5091105833869737 0.15253559798233013 1.007003034764413
-0.5391384051052037 0.163393163208491 1.0139001511951018
-0.5742342225956715 0.17745538836891425 1.0205822438117556
-0.6165612524508605 0.19482425071466838 1.0284213208901325
-0.6671524216282222 0.2167166861390561 1.0370986311990613
-0.7255761715350715 0.2430540415692535 1.0465875010230947
-0.7914589511266147 0.27325740575611607 1.0574697154227368
-0.8661726743694939 0.30869933835239766 1.0690835703917692
-0.9459883639132163 0.3484364681887268 1.0802257636340302
-1.027785127440603 0.3886527456027363 1.0931277062066362
-1.1145350628803938 0.4359382455453182 1.1022937918641817
-1.201503257468808 0.4856143604538716 1.1094953107246486
-1.2888206900296777 0.5404227293933336 1.111353026535649
-1.376165480763604 0.5991970457468824 1.108854624127417
-1.462547908774176 0.6609627373921034 1.1023691054736053
-1.5590481114060437 0.7363987780068829 1.0880440274577785
-1.662066756508364 0.8219138275399493 1.067855379978727
-1.764321157153001 0.9109901026179746 1.043395506072688
-1.868566151036109 1.005168741967233 1.0153656891372433
-1.970996123017219 1.103990507862719 0.9807969425445263
-2.0606942539975783 1.1880734440671334 0.9540748399276819
-2.1347285367646873 1.256092908160394 0.9333820872319052
-2.185468290133038 1.3022728460987776 0.9179363975857219
-2.1889038918433106 1.2766779638912118 0.9444249315555405
-2.115022073606332 1.1268114192155838 1.0452790162202692
-1.954177994519229 0.82294382669133 1.2430343728096593
-1.811556230638232 0.5650203628293953 1.393441188770034
-1.6873011123399861 0.35702050451332024 1.4931039645892294
-1.552015951197178 0.1310375626916843 1.595940950449254
-1.4153425726810989 -0.09921002877552151 1.6949625345468726
-1.3168004861623566 -0.2209437329946867 1.695006575667713
-1.2245676477739527 -0.31313478452727767 1.6611634841594165
-1.1262696505038072 -0.4084861054381936 1.6194471626038023
-1.0333218945922036 -0.4634381963557493 1.529780942981795
-0.9307973483309284 -0.5066903952807187 1.4088298600671605
-0.8156696433333979 -0.5106825152203333 1.2168499989240904
-0.6773898844423041 -0.4703725776852499 0.9316437002767158
-0.49598227001088674 -0.3692907912029383 0.5016176114514538
-0.25194071440707805 -0.1882015491675323 -0.12811662973035376
-0.03808026802485713 -0.04655510073016074 -0.6623336542149931
0.18597319664866005 0.09710999927314748 -1.2162529279713554
0.3044647864321553 0.10482979128442706 -1.4336250495544953
0.2833227294762274 -0.061041459006902346 -1.211173526032909
0.2024733220040583 -0.29870964052752663 -0.8027280245685955
0.09227849811656165 -0.5719077283828445 -0.3015716399225679
-0.032068673171669095 -0.8619999014566094 0.2449431089489713
-0.16366886062975192 -1.1562946549669748 0.8097097509362738
-0.30218704023195697 -1.4565881689468443 1.3949406555437367
-0.4299062906980103 -1.7355101199894845 1.938272550001493
-0.5405787611249689 -1.9807564944901712 2.4144916712123248
-0.6296692620579265 -2.180860414598778 2.802838057135249
-0.7008527560023464 -2.3378207159379736 3.112813429909403
-0.7753488242508005 -2.467984208955611 3.4007997074743055
-0.8185408611241434 -2.5207319876550494 3.548574121460634
-0.871165246138144 -2.553050029716788 3.6934933194579322
-0.9534278496068063 -2.5865956903447467 3.8968517443717907
-1.0335200221823342 -2.5725492096631846 4.047476265825069
-1.1499387994371175 -2.5699091323056082 4.281265339898803
-1.2784997408416896 -2.538643268127713 4.511113688155506
-1.3305728394540495 -2.355681780316737 4.43833531645257
-1.3333787720650185 -2.0766499437822996 4.171277715405516
-1.2216098343627166 -1.6444200417814432 3.5216190971104595
-1.018971119582338 -1.1051011998697553 2.5798932715307386
-0.7198419968444107 -0.5055106672919819 1.3791991492200801
-0.382527639502994 0.05730273462524522 0.13215579564418167
0.018150023620225813 0.6085500836840304 -1.239953742612915
0.407790531341294 1.0411031294218986 -2.4834151835982365
0.7205394020975212 1.2909602407933365 -3.402452962694041
0.9462233494801537 1.3724426281515332 -3.989025284562021
1.0562501139840643 1.2857597787776422 -4.180252460041596
1.0559491308253226 1.0602212593919664 -4.013723585834067
1.0068680398199583 0.7989268312136597 -3.7100707200360046
0.9206172657774028 0.5350468194897944 -3.320624049373781
0.8246388091895341 0.2932304016457924 -2.9269158229831795
0.7449517489982663 0.11240970759677267 -2.616806783544423
0.6865774303577091 -0.012719653131886865 -2.3971540181234636
0.6464871710034514 -0.09755971509581499 -2.2493246656168164
0.6235670477517644 -0.14704426044512023 -2.1665526441556135
0.6081302027497407 -0.18203814671178237 -2.1114663994806597
0.5968299168192942 -0.20842354815235423 -2.0719171873535167
0.5841375184503691 -0.23663565526532393 -2.02785719277328
0.5698245132682104 -0.26714879194670993 -1.9784768335030614
0.5543771565957325 -0.2999461851325921 -1.9249637146304022
0.5377111036999489 -0.3349325146688079 -1.867227098932681
0.5200699997219433 -0.37134139202991795 -1.8063592799129058
0.5005778902031603 -0.41095389112233677 -1.7392025611770565
0.4731768308509339 -0.46427065342050866 -1.6447659796000011
0.4296558289096013 -0.5466046915321702 -1.4942925283987365
0.3603218837228105 -0.6773309413082073 -1.2534804065719412
0.2675925196214231 -0.8588791657422461 -0.9277198125502493
0.1533908922441017 -1.0934615978072455 -0.521480648089662
0.02290768109743616 -1.3787857754792716 -0.049867387764489624
-0.12192813695247873 -1.711159624624165 0.47937311374499836
-0.26980893731430255 -2.071742200781011 1.0274200100985065
-0.4171625908066043 -2.4510671235229036 1.580447293945706
-0.5578788475308802 -2.8250348736337845 2.1122601116960507
-0.6782362983085152 -3.154873832395768 2.5709788070508637
-0.7594565205955185 -3.3930429102409416 2.889866551704949
-0.793302962384615 -3.5122316666474824 3.037477185906051
-0.771245896462151 -3.477333986758803 2.97905359277942
-0.6926828582819102 -3.2834154232671966 2.712199790120403
-0.5769144968921573 -2.9663672459789976 2.3030012617937854
-0.4521088071764087 -2.586683768381575 1.8483410714399688
-0.32237970952365674 -2.172920131049909 1.3692878624693052
-0.20491882474804968 -1.7792378663428086 0.9302073265431128
-0.1038365322344446 -1.436385652495806 0.5514113121918158
-0.0219496235206739 -1.1653786987914356 0.24691464894460385
0.035841725610389175 -0.975444330602001 0.03258486049914475
0.070710682301102 -0.8565515558572414 -0.09774870901608773
0.08774311442611928 -0.7928424365943892 -0.1627986654240827
0.09226878617352884 -0.7662654769241704 -0.18251286190681182
0.09061132058087398 -0.7619520564726209 -0.17829818092658706
0.08931042771801186 -0.7684371980452928 -0.17152277747223219
0.08685628133075891 -0.7828574372126299 -0.15899576596612042
0.08741092065002999 -0.798699326682592 -0.15372267741368048
0.08576723508739656 -0.8214102934440898 -0.13991953579912758
0.08977103309568843 -0.8357297497080775 -0.14400787279484092
0.09752798832338117 -0.8424736659783164 -0.16042062244938693
0.10052990365680335 -0.8517647373805349 -0.16301319842820564
0.10355164980270325 -0.8565761670300306 -0.1667655799585337
0.10039659414991617 -0.865477078147327 -0.15201682276430975
0.09834771962727935 -0.8692211663400485 -0.1415214390002549
0.09990132124038968 -0.8653058377668276 -0.143068818916152
0.10074889649957702 -0.8595385791002992 -0.14311388386829377
0.1031212573382022 -0.8519267758468464 -0.14804190784942212
0.10747014630378132 -0.8405579091449435 -0.15965067186910045
0.11057420038444955 -0.8316297532654945 -0.1672826775182114
0.11449491406966263 -0.822002500532933 -0.17753408748540506
0.11506061212381963 -0.8172500835814371 -0.1772501363845959
0.11334927965583771 -0.8153735951733553 -0.16992780597988152
0.11145913348506692 -0.8141521351738622 -0.16208526924977765
0.1093544726460993 -0.8138752841349938 -0.15355965023612572
0.1071191420968846 -0.8143480385594177 -0.14462966081506895
0.10482873756826584 -0.8153950969312668 -0.1355462047624418
0.10254632840696422 -0.8168648983561665 -0.12651935648122906
0.10032749308522489 -0.8186233527061255 -0.11773419196921242
0.09821899086452315 -0.8205544456220727 -0.10934685287088797
0.0961322310342274 -0.8227050532974948 -0.10109086452542898
0.09203630199524868 -0.8273307107893133 -0.08666119683621926
0.08373700508175697 -0.8370412435156729 -0.059161330778410154
0.07173510414815738 -0.8512335318438305 -0.02013909355934506
0.05826237425121825 -0.8673135300285943 0.023460059059932738
0.04443170952687361 -0.8839735210281081 0.06815217213312949
0.031104922386039072 -0.9001253495714818 0.11118852383398564
0.018802183318082442 -0.9151623164955803 0.15093460516954088
0.00822430396549523 -0.928214741912425 0.18512106565117672
0.0006495747002639537 -0.93755378241457 0.2096034944128583
-0.002883834064645588 -0.9417808600538389 0.22099889035516665
-0.0007806461074432798 -0.93874298773438 0.21411072886928417
0.005146849628263064 -0.93068854318837 0.19476624710368898
0.013021386521439766 -0.9200752742936786 0.16908358906081333
0.022170307352913768 -0.9078024595400463 0.13923492023849138
0.03216556161684195 -0.8943577166163706 0.10656568155446798
0.0426451897825213 -0.8802474800929796 0.07226313286164351
0.05335717820777058 -0.8657567788360815 0.03712893730534815
0.06394681161989418 -0.8513231902196237 0.0023024570910555563
0.07383448543327938 -0.8377529633526692 -0.03030712309061933
0.08266143350919505 -0.8255203901782787 -0.059515071516338225
0.09034776508174812 -0.8147377228892232 -0.085054517100206
0.0966036114064832 -0.8058374122058247 -0.10595413275425161
0.10182330061848441 -0.7982964643929183 -0.12350576659013096
0.10595317274826964 -0.7922039170142122 -0.13751620787286817
0.1099591693224558 -0.786217533365311 -0.1511847676389017
0.1142577984252641 -0.7797595951807431 -0.165888920387401
0.1194282482024729 -0.7720244856918219 -0.18354618161401956
0.12544392362124493 -0.7630393760754551 -0.20407896577885115
0.13222180627285426 -0.7529322413159709 -0.22720850748124205
0.13876585470359803 -0.7431053373260231 -0.24962654214211225
0.14206283822159357 -0.7377315078396255 -0.26134176599612147
0.14131411630836407 -0.7379588978721014 -0.2596495430789777
0.13647243509046547 -0.7438960612163352 -0.2443473594997248
0.13136560728832036 -0.7501511911414556 -0.2281799982257975
0.12603528564425173 -0.7566294684455271 -0.21132795387043446
0.12178766140107268 -0.7615735177051262 -0.19808732522806585
0.12088057814476304 -0.7616926691974476 -0.1961091315606509
0.12355487475518975 -0.7565704452782219 -0.20628031234597574
0.1292464532018365 -0.7469683650860877 -0.22676278557556606
0.13848294546030462 -0.7321202279466336 -0.25932913731157625
0.15124745625996078 -0.7119360294793106 -0.3040075822096309
0.1660917338724914 -0.6885330091091448 -0.35589270238987203
0.18022761382888472 -0.6661192286173443 -0.40542756231210403
0.19113391999822069 -0.6485157543736837 -0.4439438292426385
0.19963866394638782 -0.6344827226275893 -0.47427932763497344
0.20576137676611733 -0.6240256621044656 -0.4964700498619662
0.20968378245230496 -0.6168930940688179 -0.5111158480285816
0.21206828555560514 -0.6120916437174493 -0.5204799885754794
0.2142352872250382 -0.6075913185197862 -0.5291226320415848
0.21625986862844854 -0.6032787888728359 -0.5373010945722996
0.21814198870381638 -0.5991567937924565 -0.5450127062605412
0.21988260966319412 -0.5952265785801174 -0.5522582367402183
0.22148282893071372 -0.5914891461690712 -0.5590389468102944
0.22294374591919744 -0.5879454501076703 -0.5653561586897428
0.22426726453036314 -0.5845951787374967 -0.5712140001473645
0.22545592445040713 -0.5814369568674019 -0.5766188784294409
0.22651184545453495 -0.5784700211731926 -0.5815757873271606
0.22743765922285017 -0.5756927393601627 -0.5860915682263279
0.22823663527684984 -0.5731024050808555 -0.5901753561340598
0.22891210401311646 -0.5706961356977287 -0.5938365750902926
0.22946723559715457 -0.568471215022632 -0.5970841738962228
0.2299055653243166 -0.566424249340262 -0.5999284724929903
0.23023107416463273 -0.5645510717446272 -0.6023814165761768
0.23044751008892028 -0.5628477699814685 -0.6044542433233131
0.2305585530871166 -0.5613104379304142 -0.6061580507233241
0.2305684728161315 -0.5599341555670132 -0.6075060747741339
0.23048135534241115 -0.5587141448729103 -0.6085110474063471
0.23030110766617765 -0.5576458632813358 -0.6091851253971161
0.2300318215132041 -0.5567243428841674 -0.6095412312981493
0.2296777086220163 -0.5559443249998012 -0.609592806174237
0.22924263828037691 -0.5553010076992568 -0.6093521721987487
0.22873053388818337 -0.5547894073336062 -0.6088319325261026
0.22814581356953054 -0.5544036028879417 -0.6080465606831709
0.2274615324301586 -0.5541900108442079 -0.6068984859115796
0.22624028594946355 -0.5548837438667484 -0.6038203191026433
0.22421446947187576 -0.5569412090617378 -0.5978464232165768
0.22129293749801 -0.5605189189285934 -0.5886448292427532
0.21710103518622975 -0.5662417726342258 -0.5748723070252051
0.21186482997966133 -0.5737284329633898 -0.5573378478311465
0.20620485131078978 -0.5819429460206024 -0.5382592006740211
0.20013711855726937 -0.5908268628814868 -0.5177217465399596
0.194053939562216 -0.599715710599849 -0.4971388560824682
0.1882712521112885 -0.6080687859986199 -0.4776527816478036
0.18318880166434887 -0.6151635937948979 -0.46074468878809155
0.1789664965617452 -0.6207156367127462 -0.4470068410136532
0.17547733412468614 -0.6249665031288528 -0.43595703103068084
0.1728203979380256 -0.6277302705040272 -0.42796961628038205
0.17083509088405888 -0.6292963214495026 -0.42245227452106654
0.1693735277837344 -0.629928391309226 -0.4188628144064868
0.16794797584385532 -0.6305151962146349 -0.4153896005256608
0.16656106126369555 -0.631056961013401 -0.4120382047573149
0.1652288568506443 -0.6315264982080835 -0.4088667423110254
0.1639199422428641 -0.6319796895606438 -0.40575987512386147
0.16267993421498453 -0.6323371179818984 -0.4028842794230159
0.16151837118587278 -0.6325831901170798 -0.40027428142034777
0.16045174841612436 -0.6326914638892407 -0.39798874529805195
0.15942864457368977 -0.632753353796818 -0.39583798237358625
0.15841749863862473 -0.6328280463853115 -0.39370296207621924
0.1573793544778184 -0.6329893035250875 -0.3914358219911789
0.1562695138103483 -0.6333121185752079 -0.38887567067933015
0.155039628875107 -0.6338895056519462 -0.3858368093094309
0.15367110510572024 -0.6347567826074844 -0.3822483429781899
0.15219183698683686 -0.635857021619061 -0.37821936010640117
0.1506283574490101 -0.637139036909895 -0.37385123277622895
