45600
25
534.5762255364552
537.7890740509398
531.0524165652758
537.0294520842052
536.7985683322439
532.2538085359126
528.7229296379742
535.0655988854004
530.0972874113503
538.2726829471206
536.1202783746779
532.0176323619352
536.6472203785369
539.2211989746853
530.9234471617924
532.319610117518
535.3521244286459
537.297044779565
533.0281353167626
533.1183567001317
530.908992009904
530.335199196842
534.7061965988194
533.295373286155
536.9152257233425
56100
25
525.0602252606955
527.747382644886
526.4136821318658
532.5979453505486
528.2608542194408
528.7871520930506
526.0839172888059
531.7091938283007
522.7314484825412
529.8192697104352
523.9086896158503
533.6744084484069
526.7965535940037
525.6423297994738
529.4424049112977
521.0343519155422
527.5063453187938
524.1471709330505
526.2552331187255
526.1489969338841
529.224503022617
525.8268423957345
532.4384440641795
527.6395044099763
532.4340047475254
81600
25
551.6918619853516
552.8587436298452
542.4571667260038
549.6578890592334
550.9787781460344
542.5112186666239
551.0213772839272
543.4351266886625
543.6560213162165
543.264805309247
548.1688440194341
540.4059734111537
541.9304997318096
550.6946726790255
548.219434339885
548.2086751146909
549.5023211805232
548.1587677600278
550.9018652643219
545.3628877702672
546.709963989951
550.3776131452753
548.207231975514
546.8974690299851
553.2866555208669
92100
25
534.9228129275817
543.4608262319881
536.7420870421352
538.608573815756
541.5488987063403
547.78672407328
547.5182626429422
545.6263521028978
546.4079141802014
548.006936680357
548.0509437228972
542.7053277469839
541.8429248903042
547.6937050348846
542.1842167358823
548.414904833532
542.6723083553264
549.8608211979339
545.9361123831832
542.8594532358835
546.7725391134193
549.3085326547005
545.7099047878717
548.7159797295529
548.1087920261265
104100
25
535.8556128242145
533.1224854232456
542.992141814758
543.8438770227848
541.465752870249
534.4233260267384
538.3521724396627
540.3284226416972
544.3244028254936
536.2588047339513
542.0277970744195
539.1957033496888
544.7455309492377
545.1289485844911
539.7323497121719
546.3505286020143
543.0751886656842
539.9904085699978
533.5407646261805
541.901419895967
536.978318656667
546.8312844236004
532.8638413904056
544.590300907821
542.7628947574256
119100
25
556.1402251383805
545.1252905545111
548.8697517727459
550.5934057769198
543.3312028180078
550.6325635469863
545.178731507947
550.4920791944274
537.8832718727909
547.5825788209577
547.457135462683
551.249498197319
546.5195322077017
548.2581957812215
545.036429464413
536.7168805770957
540.8780691236242
554.034098116303
551.7543375126326
549.5581603119583
544.9965496828587
544.5058059194653
548.6652551200789
542.5947343763202
549.831521332151
134100
25
553.9807364322093
552.9219224413815
557.0915114012806
555.9873581698296
552.7919019778934
549.8868355342479
559.0787759841166
549.049379739327
557.8722976775076
559.0584178468048
557.7594952604406
550.9949326207861
554.0686089653337
552.7967302193833
548.6407218892349
558.0351717687521
555.2058320807835
557.2436132429156
556.3498080262813
550.2174875304756
555.7389945348414
553.1441261643403
551.7899400114471
552.0180738995639
556.8949437210043
147600
25
559.9147456360461
559.8955571605744
559.2789743427336
557.6393106734077
557.7516611596556
556.1963697928999
557.9372144498419
559.0721412694097
551.1144369292417
555.846689268019
561.7803034436542
556.2928426239293
552.1969588365899
560.8667266129486
561.0409245866787
560.7018782283077
551.7747561380213
549.6738685889852
554.1513281400207
559.9772669543927
553.3259608985754
552.2623360730427
555.6492111461716
554.6400535522803
551.6593284796814
162600
25
551.5149894878654
548.5904327755197
552.346360498197
549.6570268660819
549.9956675808195
550.5860057227017
546.6539397900679
551.4453492966534
547.6088388622128
556.3660990404893
558.2642076255376
556.5133165609177
553.6796385374048
551.7466849703757
552.9686180958597
546.8329263406021
554.3794758423911
556.5577595827252
553.1255757190166
557.718158833255
552.3069090721326
551.5775812527834
557.7919156627408
548.2173698625451
550.1838562011967
173100
25
541.2771785377705
543.8531644559156
548.340000017046
548.4982697031642
546.110145823493
551.1257326962669
547.8968482724167
551.8890846906809
544.7409570304219
548.1280976501832
551.1933868844652
551.4998461940294
552.9427857960831
554.7846811794054
545.4008791800368
548.5575324321594
549.2800905045169
546.6276898616135
548.6404881882253
548.2950204736469
546.9939904133215
542.7064756152033
551.0440241511986
545.800535359533
549.3742448525101
185100
25
543.2015464960878
548.0784787702236
549.8215522176547
543.8876491726447
538.3855356909488
540.0426889805616
538.6534459604485
538.0924261176666
548.6782904969405
543.6454496945797
543.3027687724617
541.8688984332784
545.5709611641888
544.8501618230341
538.9298002621226
543.8406321545275
542.9540368294711
548.5965689714998
547.1164383987245
540.2026286720982
548.5737737357135
542.6202167373
548.8990901466562
548.0758976650394
542.0447365504328
197100
25
551.7121649255162
542.8931279784866
550.1667878108849
549.9054147525237
545.6581203780787
544.1391031294742
550.597478626629
550.1918636999009
551.1325092047392
543.0253966493873
552.2538118387176
552.2481523029849
547.2226846400257
548.223328514387
550.4981504220854
552.2725754015532
553.6658181161681
555.8036722093253
552.2144065267853
541.8704550440732
545.6432626017531
543.654089041579
544.2324189968751
553.9343835178149
542.5912169250284
