12600
25
467.0115004193186
473.44912953479945
465.3745174915972
472.6839650546361
464.6366250644359
468.72432082709315
469.1726156395889
468.1314968999904
465.6354879557325
473.7556531081276
468.90865794709373
472.0015136983408
461.9885725775862
467.734563948073
468.9700033688222
463.7788005975983
473.8518813275425
472.318514009535
468.3709772884736
466.4074738634358
469.7560661339844
474.06460851384156
466.1662057200637
471.9823939631468
468.40780813575765
33600
25
513.8633980546207
520.1117848440911
520.4163990461954
513.1409360366108
516.5726826913365
520.6049609632213
514.5954018861562
512.2548171805271
513.3569441132084
519.4414905739609
519.8735433411018
516.5857642246792
516.274559697855
517.4470147998932
516.3599747947212
520.2833547776403
519.9470050043672
518.061952545658
509.38452235147713
510.62836993956216
521.4766556694127
514.0176117448694
515.6966204341238
515.6828365726396
522.8897014318336
