0.18938640092910047 -0.20693983318286427 -0.043382867312693946 0.20218851678428895 -0.25184059972735195 -0.5004706393152559 -0.21548350719540238 0.36192082399431386
0.303831040270618 -0.30705630507186027 -0.15455083584269813 0.18550047740411843 -0.22419351006562224 -0.6205710687734323 -0.1395483849069274 0.45011674161347526
0.17706915224113612 -0.2340251781931246 -0.27174496592563574 0.14228186314526262 -0.07627094913746067 -0.7796417612115949 0.008722972609761633 0.5861548582057083
0.10180775189522934 0.002071389027475027 -0.29167777321712535 0.14031850187614753 -0.09646530755921115 -1.0158326810724334 0.011014674892684796 0.43074832151280906
0.018290427420519322 0.012570064209904575 -0.34270916262806955 0.09748376077997203 -0.1252396809644962 -1.2971144139633777 0.1494621894792555 0.6548560074448807
-0.016915966076734866 -0.021666191310427498 -0.3712011304695944 0.08225632030131962 -0.10032463465964689 -1.4636493046748604 0.24058273819187473 0.7680220937331937
-0.08599027384195063 0.15929422558836961 -0.2959962452515009 0.09087472953978201 -0.20399478976891675 -1.4028926113680669 0.3046963929919148 0.5913703579340271
-0.15452702196676202 0.43673802006109136 -0.13643543960078902 0.10210595558630235 -0.43554630530941674 -1.016680660225354 0.2943100475139395 0.2920874537147404
-0.2261065076846611 0.595821043437072 -0.010582434757230445 0.08448488250867785 -0.601022110848292 -0.4846005684221451 0.21131238908713965 0.19993960021057805
-0.2619090731585648 0.46635167360206436 -0.040219513996537386 0.046680322107807856 -0.5362643298834557 -0.1567647528775634 0.19855819203249137 0.4463116690056929
-0.3292116506086311 0.3975161777673472 -0.08093732080948 -0.004512454273354438 -0.5361557093609299 0.09007402507170525 0.3211150342821723 0.7105340362008854
-0.402607118580361 0.2931855308527725 -0.13959504160976793 -0.040292960358066975 -0.41934510396202 0.2691486512652583 0.36447538853312605 0.9552626206307638
-0.5751879982723376 0.41049908815187397 -0.16075313320368953 -0.10437282790898365 -0.4608588307697205 0.38959353683807135 0.5990891740907005 1.1445242661678825
-0.758478146564495 0.5735101034079717 -0.14832989171240502 -0.1639665201782505 -0.5295000083994821 0.5036572125013821 0.7554332378838116 1.289573118561352
-0.6578219204977455 0.35298289010800954 -0.29008827741011484 -0.12097374219626976 -0.17553891991304638 0.3330614926164215 0.6869508437450123 1.2724458500857592
-0.5593987818804904 0.25099337145495787 -0.4378740632005671 -0.10089999927841177 -0.08645087466231377 0.18966500382526924 1.079638377205447 1.2213836641329898
-0.488999387454247 0.09050073074103074 -0.5330252463929755 -0.07565095600016664 0.15806595512631694 0.020633848121819662 1.0165815792559962 1.2348365142732445
-0.3959180639019356 0.011601660116682483 -0.6098320651107705 -0.047351242998656555 0.24480762047865398 -0.0948209955705514 1.145547528272799 1.1448654496333441
-0.32799083972411436 0.011630586872733942 -0.6253493815644302 -0.00615146847824194 0.33707546379909265 -0.17810248733198358 1.0803919912902598 0.9482348291928598
-0.3620001707162718 0.020759723948432764 -0.5593405855632296 -0.011765939746088206 0.3113023105475073 -0.19417363625688455 0.9192617801168106 0.9895707961986537
-0.3523666748892092 -0.019117905045920123 -0.5208773675121467 -0.01317165409171732 0.26018045634924103 -0.18095315805720175 0.8459994436207736 1.0436075800195503
-0.41259215037503905 -0.005224982741310318 -0.4871609137189572 -0.027434545056598203 0.3155108446122042 -0.21224719630786598 0.6784303037198647 1.1113474075866068
-0.39995986346552753 0.06798200134645505 -0.5079049143907206 -0.009319716083479262 0.38587516036013075 -0.25234569553627845 0.6928692438018853 0.9392684048011165
-0.29743411183353763 -0.010274401353372244 -0.46089749536875013 0.03867330660943837 0.383537719591859 -0.22299385567760052 0.4625135016673086 0.8157421702782166
-0.2629336865905786 -0.10572682675768098 -0.4426629503979438 0.04679473728057497 0.3924801457400658 -0.2164298419467455 0.32573292861001607 0.8833542965732799
-0.21882281686363278 -0.12657443391424367 -0.4430365341576042 0.07068338884172619 0.4193882126550553 -0.2249121609162724 0.2610945869702866 0.8026257452171937
-0.5368001893581585 0.1445938994399224 -0.3992751682733521 -0.03847827024610777 0.32071403697879564 -0.22096921789285734 0.4650094783899847 1.0804643510229237
-0.3690678525914321 0.053694865292015184 -0.44353145354122875 0.02376760548303711 0.39588001710860093 -0.23454534524315468 0.4260171662454784 0.8477707071793247
-0.35787886740116126 0.018920386299557737 -0.43124955572358065 0.031235710531253708 0.43230461542584137 -0.2503752927629024 0.3108869564190012 0.856069405667861
-0.3473894846089398 0.015158202743046243 -0.42798004635382836 0.040016168711327564 0.45600140425004887 -0.2620093631851658 0.25980087358537346 0.8245080749798583
-0.41974014348305594 -0.08533548978196809 -0.4204780194228997 -0.012757142111148936 0.42587006493991525 -0.2581351154638438 0.25551494839041927 1.1658415626480267
-0.14151728323677537 -0.296095936944357 -0.4241576761753379 -0.007636533619203143 0.027470407919410897 0.07164950096036077 0.574614527728123 1.2015041271370641
-0.19987885156954036 -0.045222654711003785 -0.034544324370961235 -0.0023406270227407915 -0.010490617915838153 -0.02456422521755094 0.0013006409152334108 0.9934749599603921
-0.21828797705299038 -0.04472437025609713 0.030783668401080932 -0.0017243386647218559 0.04597936604923172 -0.03279033622257631 -0.0160534372593019 0.9854969276104006
-0.19616569716133722 -0.062063254612474424 0.00578178859795154 -0.0019853754619470095 -0.01763088731045009 -0.026888465623906472 0.001985638311138181 0.9978678355200389
-0.12420571089171237 -0.1430751063820464 -0.10043432311261712 -0.003199995154421158 -0.16562108541507362 -0.006162923499205026 0.08448581613630216 1.057638871144585
-0.18983957186040415 -0.0528644190264488 -0.05917288060060811 -0.002900419060827486 -0.07794166837819967 -0.020335332466937465 0.016172890964271328 1.0042353093439453
-0.19002912650342121 -0.056979583505820934 -0.045246576279070395 -0.0027559218077084246 -0.06882180557814853 -0.021579512849322482 0.010741808085955772 1.004687131452881
-0.1995233147475997 -0.03271721204596286 -0.019046795048392226 -0.0021974990084548582 -0.04387181672639638 -0.0255998750805392 -0.01836362918721512 0.9839193281973172
-0.19779198054817218 -0.03981834024749133 -0.013439451688286218 -0.0021262323076983477 -0.04380380910236526 -0.025796253249893788 -0.019796511256345403 0.9871743289073017
-0.19494561977386848 -0.06395073278895279 -0.015784697721014655 -0.002426494177896925 -0.04552040011981593 -0.02502580728714572 -0.009720783477319693 1.0050125338305889
-0.18719516867327426 -0.10564699808069614 -0.016580674790787647 -0.0029764067166719293 -0.03765675373387878 -0.023684256421745185 0.002388381788320314 1.0357284136706182
-0.17437730183495198 -0.09321054892779489 -0.0016434152108100483 -0.002210058391599562 -0.0427240768357215 -0.023114257665506597 -0.0041801302948187005 1.0179253218038697
-0.17029340292853815 -0.12568226569826177 0.021904512534509837 -0.002348859766568194 -0.02983790173373367 -0.024313131248255425 -0.0006930970030869779 1.0380154359149116
-0.16633936418172376 -0.13798469167364547 0.03789079312820127 -0.002370106458248195 -0.029847067967405296 -0.024846896678422367 0.0030818519362551576 1.0446832962049117
-0.2142257506127341 -0.14566487260226693 0.05269504461444869 -0.004268621344524714 -0.01128695411634353 -0.03256395285558484 0.003043725745836515 1.074098542274473
-0.2372065081641401 -0.12984914825781177 0.061992546151900904 -0.005292696670973135 -0.034862763781161564 -0.035711026563617174 0.01976706633628898 1.0768136333224385
-0.2690329695100184 -0.10865422122562612 0.07284913944769322 -0.006555925105079264 -0.059038419690317034 -0.0402383423406109 0.03407355934053572 1.0796732800958737
-0.2589486480883534 -0.12628675662983266 0.0758845147470426 -0.0070611899800027324 -0.08149429448483858 -0.03832402215239742 0.058200088451749225 1.094311028777307
-0.0864345072420307 -0.2909115792106008 0.05958878912913296 -0.004043941421509295 -0.08679230905744315 -0.012404439132612586 0.11796893617066588 1.1456894813848648
-0.05280867306571393 -0.3164423698043398 0.06875056621321284 -0.003033995519135786 -0.08567888410315097 -0.008315448466457554 0.12547490259887056 1.1465236583064868
-0.06589434006611879 -0.2899409686057039 0.08205539260640532 -0.002703752863859498 -0.08606208058082238 -0.011285428841762118 0.11343005431944794 1.1274228028760596
-0.0807060991588442 -0.25998982513853774 0.0887150487324467 -0.002432834153828022 -0.0855382548388567 -0.014103181959346484 0.09873232123348678 1.1073828148875595
-0.08839569352548328 -0.23648409646040996 0.0903632804982713 -0.002064768961551093 -0.08461803147601717 -0.015555295558936526 0.08653121346033504 1.0897381180359083
-0.09181740338638424 -0.2167475163000661 0.08723160553697211 -0.0016549891804461619 -0.08357399363607955 -0.01603892635588278 0.07669468625278696 1.0737016098976637
-0.06975505066011206 -0.22089184499877298 0.10320395102802782 -0.0005841489495119392 -0.0924009083127056 -0.01385427423127865 0.0884463414476345 1.0610617812758774
-0.07129521314662342 -0.19523219534206984 0.09246538203076453 -2.1059643797891628e-05 -0.09479091145084799 -0.013394745337103081 0.08335841143419047 1.0396132996183984
-0.06632116858020144 -0.17761392620784758 0.08102165616802716 0.0006278291296409622 -0.09645632668368313 -0.01194362605692792 0.08140540750874731 1.0215296456251344
-0.09092997379667815 -0.15549592976947169 -0.020404284639901404 -0.0004254812314901735 -0.03759458528830919 -0.010240143047337419 0.0048053791049463765 1.0298866543906122
-0.10826454088343257 -0.14896852905643343 0.0003882134314607972 -0.0009959136696320342 -0.048202510928646206 -0.013862231722911681 0.009539451410727543 1.0326327304275327
-0.1122539344133115 -0.15151293486726167 0.016153140259193448 -0.001181429453164715 -0.05576921953733761 -0.015302552459181908 0.017398580831510364 1.0355785331110785
-0.1216434508169506 -0.14717052762515204 0.015158452775608226 -0.0015278961904840373 -0.05553762932599693 -0.016575341227251506 0.014286156453637244 1.0378341348104898
-0.1267845172478218 -0.14873284105639395 0.019789445361192183 -0.0017933084287587943 -0.05584618995947639 -0.01763716132451795 0.012932181635493216 1.0420754683506193
-0.12076697633216134 -0.1612655334635955 0.03269826236940041 -0.0017639483525527353 -0.05751674995778404 -0.017652964492370835 0.017156073536026765 1.0480955824599039
-0.12420904920318557 -0.15852145388401243 0.030353648432857743 -0.001870434765569125 -0.0570072686861966 -0.017997350484722487 0.015239223396333205 1.0481244992236691
-0.12785373406839065 -0.15563416362801655 0.02789560423184161 -0.0019828475435116812 -0.056417030540448325 -0.018364711114782918 0.013181623094842635 1.0481639625607746
-0.12327610309361389 -0.16451813301632837 0.035212261745490435 -0.0019744589413191937 -0.05669458955777482 -0.018194676288681592 0.016635237697222985 1.05244313055481
-0.12000050759922573 -0.16584872976649256 0.03589466048512248 -0.0018606938290863298 -0.05777674108393473 -0.017714130745927606 0.020152522067288157 1.0514136112462285
-0.11732339949075772 -0.1656374581694513 0.03521199155381056 -0.001741947037414152 -0.05889021128673233 -0.0172228976659437 0.023377183267735357 1.0495278212066026
-0.11428626925330904 -0.1661562414671241 0.03504441500464097 -0.0016246857191606042 -0.05997054887047057 -0.016713150897066074 0.02694928341039941 1.0480106031646288
-0.11104777425758823 -0.1672911084666615 0.035420659599396276 -0.0015143491635396854 -0.06102539560425455 -0.01621076321398625 0.03074004737813134 1.0468655915215326
-0.10794277147470491 -0.16926751518994332 0.03691466291208499 -0.0014372068892003777 -0.06206557046476518 -0.015803961475131665 0.03463915336693449 1.0464781396517682
-0.10379103526167738 -0.1736695684723174 0.041626002040039314 -0.0013850709237067924 -0.06367013058529732 -0.015450629013494626 0.03991422932100498 1.047332925817702
-0.0993070110205947 -0.17646641279577588 0.04455313911656804 -0.0012789913308866973 -0.06560971998648195 -0.01490265364294508 0.04605801771097007 1.0466622914520858
-0.09579991883195633 -0.17901014579616534 0.04781223150501364 -0.0012230914459263342 -0.06751444929899703 -0.01452237207810675 0.05167322536880175 1.0464149564478882
-0.09607414690364784 -0.18138196703612192 0.054811463255667665 -0.001389706763868202 -0.0700500027440337 -0.014968654511399816 0.05482582778573553 1.048408133379656
-0.09572091633529832 -0.18256635739247778 0.061649088221613316 -0.0015165749908691586 -0.07376115250024189 -0.015247124151768456 0.06073303437075267 1.0489066912319123
-0.09258507564083106 -0.18273638041123946 0.06302399892388909 -0.0014528189205192214 -0.07633453563326108 -0.014698337772177827 0.06982532123889244 1.0468567735893561
-0.08463170437255615 -0.18369755296554963 0.05395826937021269 -0.0010569637624216258 -0.07409012088636582 -0.012779019124880924 0.07953531130577424 1.0426967857842255
-0.0939640979894169 -0.17655694397977342 0.05121639060878931 -0.0013698217454321255 -0.07356845244978719 -0.013970456087331249 0.0738810029583568 1.042825548125217
-0.10286203183677932 -0.17015219249863073 0.04841818752277668 -0.0016784405092562205 -0.07274900192628414 -0.015120724157994743 0.06743619617990457 1.0433976896259813
-0.11090307322392454 -0.16451189993357998 0.04520419381477396 -0.001960311715414595 -0.07157896663448976 -0.016132383335849314 0.06084680081484136 1.044148875644237
-0.11799145148379712 -0.15964011792508667 0.041746517207889584 -0.0022095330502844754 -0.07017386826135932 -0.016998050023979465 0.05435351072171487 1.0449878237626082
-0.12414859077342377 -0.15543676563426823 0.038136664399727106 -0.0024241547314470422 -0.06862665870056908 -0.017721675850201443 0.048155390096640494 1.045815070301
-0.12935234953405458 -0.1518965788319885 0.034551865301665347 -0.0026023976355526016 -0.06703432886830708 -0.018308865426908356 0.04239674680241161 1.0465859128976185
-0.13352340946779853 -0.14903034937223447 0.031184264767167673 -0.00273938356410066 -0.06550367464900844 -0.01875660667291705 0.03730989890037797 1.0472236237917345
-0.12971024359023317 -0.1486546895958947 0.0319074273538928 -0.002430107953693636 -0.06640691535120799 -0.01815475323374231 0.04317787709162189 1.0434816856981688
-0.12850145220131728 -0.14585194307201302 0.030830407992924993 -0.002160989142894422 -0.06684239203698464 -0.01786440190948778 0.04516499261968718 1.0394645826414872
-0.1291964499035796 -0.14303269005357508 0.028959418131728847 -0.002014631745280475 -0.06657132953820356 -0.017868847300463748 0.04320418804877054 1.0371048036398207
-0.1247264621829392 -0.14120841118621882 0.03238100502685906 -0.0015510562648884461 -0.06940455661109854 -0.017330094137918316 0.0501967461537288 1.0309615534267584
-0.12166090551927218 -0.1385522139503005 0.034404832394972225 -0.0011340167503947345 -0.0716732583296211 -0.016949835245091284 0.054284347888598386 1.0252572710030385
-0.11864580389638434 -0.13683932902370827 0.03608636010990322 -0.0007626354338429435 -0.07340045975209997 -0.016588094293973638 0.05700086535350385 1.0206501901974978
-0.11445416479937887 -0.13629844169887284 0.03888277279269691 -0.0003638642428165607 -0.07540248842105042 -0.01612096151648253 0.06084489535448253 1.016202302035242
-0.10954513617180256 -0.13647205761454978 0.042633796121908485 4.9824521145837906e-05 -0.07771387453093023 -0.0156028222880883 0.06559962480564563 1.0118232979993345
-0.10424636715670976 -0.13708255363424093 0.04715122781966656 0.00046758747700845866 -0.08030084592538325 -0.01506999862231328 0.07101296032715923 1.007508425123807
-0.09876697322499572 -0.1379499637784192 0.05231080486408478 0.000882780681548647 -0.08313939436224055 -0.01454558258402588 0.07691849458852028 1.0032517845406912
-0.09327573775610855 -0.13893567683715544 0.05797079973917233 0.0012897130176581784 -0.08618614677051493 -0.014046013449324077 0.08315823033787327 0.9990601249938227
-0.0877990235050511 -0.1399499990113968 0.06428714239558125 0.0016911787604132098 -0.08954719659102219 -0.01358304950432711 0.08982623204246815 0.9948419342595146
-0.08334530291207125 -0.13356717447952487 0.08099050721588079 0.0023459246979153662 -0.10081284772918118 -0.013681553441377642 0.10779258930684373 0.9824635293424903
-0.07934371702503792 -0.12798235595691168 0.09335301076832452 0.0029474237318608603 -0.10969603398462267 -0.01365102084190605 0.12110882045066099 0.9718095342251039
