2.017273353513855 0.7557019245297647 -1.2700399519893513 -6.344288697409167 0.19474163325320681
1.761074736270081 -0.3781213463494863 -1.1745303435706178 -6.357597825450885 -0.2548358652852216
0.42766055680764475 0.07294517891345746 -0.25845594761674096 -1.9533577762814882 -0.04078396738903961
0.3610031166968655 0.14254699616093083 -0.024744835472881515 -1.441505649591636 0.02139829480443034
0.22400666923735751 0.22039937809272034 -0.09099230384796038 -0.8992902233519102 -0.036967392053481096
0.14921213687403603 0.16907199444230075 0.059070272259929564 -0.9394727297665407 -0.028577118189358874
0.12038558916678156 0.15548608960002888 -0.06622963004219748 -0.8718635474642069 -0.048027587758118856
-0.6031433427100203 0.13338247697235203 -0.12530622782009243 1.138271839583471 -0.15454814510057804
-0.34859386010326243 0.07233687133791618 0.09911393079441587 0.7809976770336582 -0.05003557065033597
-0.22500979657683057 0.030911046008836686 0.17629192108743885 0.45668007223442536 -0.03247480245542497
0.1245386688381572 -0.06514018796915655 -0.13940875241488856 -0.6921448170965334 -0.01828346115236384
0.37559326123966247 -0.1276244353776837 -0.2852597948030234 -1.5187303887522505 -0.00192838796504341
0.7207690157695174 -0.2570633854987624 -0.4396015421607818 -2.3879452347459433 -0.027217040753141908
0.5806504466592416 -0.011767086373064206 -0.2557462733684709 -1.5983055403672302 -0.05884967823101017
0.32398106560774975 0.26568265335185925 0.09032505798401856 -0.5511286328837779 -0.060723013185619235
0.09805115416945838 0.60998706998987 0.4110678282959923 0.2835126226005564 0.0017215709741934537
0.07955941364996791 0.803962267184623 0.37154548464455367 -0.11351502160308188 0.026690524870645382
-0.203487541232691 0.9823892825565628 0.5342626342805987 0.1255867681480383 -0.10879647226586187
0.41258344903822636 1.0272361834114538 -0.22572632748654095 -2.1503279469882455 -0.08987891750541854
0.2541025497579724 0.8825288574571232 -0.13993852125539638 -1.3922285691477119 -0.044531703759404184
-0.12110631453748243 0.7840140529929661 0.13938873218756145 -0.3294095972351299 -0.05255354830389161
-0.23021386602113486 0.7148442268176138 0.16625920781901002 -0.045193725931917166 -0.029480095950297335
-0.4390383665881902 0.6577421094804642 0.23671002447770295 0.47450681613222084 -0.025614130759087195
-0.2648416557610307 0.6138076820115868 0.5566173660710468 -0.026362187412728978 0.09242746812585477
-0.24931586529062993 0.5259406871782865 0.6697008839288568 0.03857599478050695 0.11318026883421481
-0.15453179021878768 0.3411330894480824 0.6357775731219634 -0.1573296016167898 0.09100718534382246
-0.11627532579416248 0.2658820847756681 0.5436014465871736 -0.16367496361694633 0.05479527804172273
-0.07236275811163138 0.16800567940576536 0.6236389927022303 -0.3919160677101669 0.033800579325055695
-0.07220182560377204 0.13929897063800492 0.34487572833705227 -0.07730744986033768 -0.04479732960584633
-0.31920174040561217 0.15560724530039116 0.5450582526075288 0.7316132107722226 -0.0762487081856076
-0.09009981234968627 0.22720335647443893 0.518525159999244 0.25870834576234336 -0.06861550753741213
0.22302725819167796 0.3889632326231373 0.35452955153542065 -0.22235986587402423 -0.06655509029483037
0.338269543863166 0.69244256744539 0.14512635120622086 0.05033621997839639 -0.011000381050819463
-1.1587536614073672 1.1579147190906114 0.3557143187126682 3.014609386480198 -0.2934533335325322
-2.4412201768892867 1.2463038685121648 -0.3015978561659455 3.784785705678565 -1.111417271638808
-1.5110528508043428 1.3424960896383829 0.16890524137429994 0.9892962887071464 -0.8431972547076905
-1.1301083264132137 1.3883276779688067 0.31719125266750625 -0.146422928191804 -0.7588412667774116
-1.0499751542371463 1.2535874046095086 0.10961646895926794 -0.39853905135388984 -0.8043298270546951
-0.9881290842129549 1.100156887702851 -0.15287178716888902 -0.5215739231092625 -0.8421455446148831
-0.4077652028936553 0.9770792089868136 -0.15287647428002565 -1.1661440775118603 -0.5544122470861956
-0.15587366436683137 0.9670190035690734 0.024724139852713968 -1.3305062684932971 -0.38924116439576045
-0.3539384051313701 0.9324445018204628 -0.13915915848036833 -1.0074961517787684 -0.49084703726350026
-0.5033516407586544 0.9782425750942513 -0.018804594409780783 -0.6733866033201721 -0.5230175532891387
-0.3878212378941193 1.0043414831295963 0.35208301501150485 -0.6144810681905521 -0.39522105379728517
-0.31572355830402304 0.9137823478082291 0.22993973192841327 -0.6618895300521527 -0.3259740872499681
-0.351323132529901 0.6688910922963411 -0.045463883680982385 -0.39299899675679656 -0.27180957669792405
-0.2687048908461254 0.38003124407493377 -0.10855843835762462 -0.20409069530858 -0.1575628125564338
0.16310243743701888 0.1854185681411428 -0.19960769675617418 -1.044305780682391 -0.024828855329675784
0.5776942781762143 0.15555079840241312 0.048799714124745985 -2.0260469393579896 0.09970276752016849
0.19536589585355582 0.13574508315107 -0.26389413180386045 -0.9245844850728385 -0.016987167890579732
-0.00035295626914772985 0.07983352333692705 -0.5470241544980912 -0.32956451387400393 -0.11200483571855598
0.07678880139977538 0.021336808386276288 -0.6684959566491567 -0.5999267833030785 -0.13078795191962544
0.042312057603675436 0.05570474167383419 -0.4378289453093433 -0.5717061002367873 -0.11680665020534028
0.32231518694596856 -0.04355487388637376 -0.42398759660030444 -1.561277179436577 -0.0908610779559515
0.7928474848839613 -0.2836535456394038 -0.847729744985883 -3.1939140058732294 -0.10109612158866098
0.5466882717185978 -0.1949729802047613 -0.9111614375917213 -2.1133930720235585 -0.11630388593438487
0.4371960115642095 -0.13039089397637296 -0.7805378670350472 -1.6468451866346985 -0.09945933743140388
0.4052019971951308 -0.18229799251372975 -0.7610159848669876 -1.4215104889651804 -0.09979489563756157
0.1293173465046145 -0.15757276394809494 -0.691517158745963 -0.023831507438201564 -0.0914960555585069
-0.14754682926552962 0.0871307760136894 -0.014919148214746058 1.1500600645983032 0.0133385962381104
0.37917323574600803 0.026906569627045716 -0.42367756696047476 -0.7275971089817833 0.05146704989376269
0.7054331008570848 -0.0012074192329383365 -0.6073764649830047 -1.9625160473061043 0.0701446382941061
1.0249362155221153 -0.06741601279499301 -1.1113861792265887 -2.9461000350511486 0.049248807867176704
0.45517487642060633 0.30900952672663773 -0.2171445258561051 -1.2046216519841384 0.03692863587272302
0.16191494160590367 0.563768376228552 0.5291358584447602 -0.5341952980533635 0.04173450893978975
0.3193414884832445 0.27154909813319633 0.1257896426385591 -1.5847316528540873 -0.01827693833170163
0.5954758937597897 0.23102138634619437 -0.21115891184658692 -2.201605892941733 -0.015640385703248272
0.6055541374893127 0.07487146689547208 -0.3893172367726782 -2.7665296187727315 -0.05223247256834512
0.288876289376073 0.17657926453247347 -0.09643205150147316 -1.491508072565771 -0.04788149133127351
0.04621394641463763 0.2162678681043277 0.24000834049056347 -1.0538024316186185 -0.026087211881692884
-0.4789013852157434 0.04126853978811555 -0.023124576308961732 0.7880753689009931 -0.0788941711094438
-0.22436067780736887 0.01860709407647318 -0.11028531189929665 0.34559324579569145 -0.03969956586152054
-0.08018725399935006 0.020239401801262626 -0.06615803545604243 -0.12986788397052143 -0.009712603483156564
0.19503471634029618 -0.05549708686334278 -0.1992877122859385 -1.0142448405333784 0.012671975483349932
0.25857985548640855 -0.10098571502815182 -0.33048033328429677 -1.2039493928797425 0.004297507527814812
0.9061988884949295 -0.34332971615645386 -0.5726326520617544 -3.391399116685505 0.07450249046227805
1.0404390234068637 -0.18345487096501123 -0.5372255208661957 -2.223929972632753 0.09108064892997514
-0.39274735740644756 0.8258899193755628 0.41392962277889045 1.1576982897955628 -0.2036531619085099
-1.5646403335673944 1.1352651460541618 0.6331181514112593 2.538906502408797 -0.8227031063427295
-1.8086238067004903 1.096953284835982 0.296081863627124 2.613535701796185 -0.9978516071624601
-1.6667368708917238 1.1795919108591442 0.3572238314767398 2.136779065962388 -0.9705761074240311
-1.6736482504856474 1.0184484176087802 -0.20204091984750366 1.8666599463359546 -1.0245071626331939
-1.4122576963539735 0.985397134747666 -0.7117816079220967 0.875212131554926 -1.0289359399993856
-1.01682278093686 1.07497631806954 -1.4609070437833416 -0.9243527925264714 -1.0991657635675551
-1.3561266526609443 1.0243782949711189 -0.051123136465547545 0.9350772563964085 -0.7780524706067109
-1.1114509354715303 0.9321880332934518 -0.020342165693991276 0.7354603244972799 -0.624507379525366
-1.003103590096031 0.9635911870388558 0.08009332255658401 0.6356081646283547 -0.5702244076659966
-0.4620004665577553 0.8986650265808435 0.13012820312383372 -0.21385008549090498 -0.3059037152232283
0.3120631090671123 0.7250670396693446 0.17854091998975408 -1.4696233320784715 0.09241165340639679
0.30914337582489837 0.5767567949102593 0.44878646524363325 -1.2818017402996253 0.16672324272971656
0.31093878610761794 0.39524923466500467 0.6964761189552372 -1.4690554796452406 0.16135689140356374
0.7597403003054916 0.1896203474333138 0.935196563444829 -3.37681098769118 0.21013100542425067
0.6048514879675072 0.15631831043072822 1.6760035811694083 -3.144180644729353 0.19102571770452886
0.02167910724492479 0.549480407256218 1.4218017102260077 0.11677081087677138 0.05575944864045362
0.14461992290394332 1.5505894027708034 2.247639179745283 1.7794829342300378 0.22868753405621461
-1.8827924431248526 0.9154196982847135 -0.5518300897127211 4.627361472614105 -0.8033163000666683
-2.459055866346504 0.7374628761106278 -1.6515592166528474 3.8651633689733536 -1.2695339333929612
-1.4182467286847389 1.430529304356887 0.04523238590050192 0.7089477144143269 -0.779386551025407
-1.0039756862814424 2.041518380626502 1.4737480190482295 -0.9976260669323653 -0.5997272398965094
-1.7054839471585805 1.8950861365426097 0.7767673161751324 -0.8309307567887699 -1.2145873509895513
