-0.07919233668151927 -0.04579289407148387 -0.20111692193467104 -0.10492581023045212 0.9660856951388785 0.08151715133937347 -0.561298802602549 -0.022818708110664224 -0.42808411579690886 0.9266490641863593
-0.08043301839521647 -0.049705083005316855 -0.20315935633224774 -0.09768196139862341 0.9775468203945997 0.03247616713103847 -0.44171668228805583 -0.08512201888230134 -0.39460468366836343 0.9532783157681041
-0.08198938371629794 -0.05317526802644393 -0.20490343290966898 -0.09002771239959441 0.9888099742373273 -0.008596054566925686 -0.3320572924368518 -0.13363461187745698 -0.4054865381258506 0.979511029178455
-0.08380800826542462 -0.056329481489910196 -0.2062321801622437 -0.08195890865463021 0.9997767631140947 -0.04401867584665255 -0.23403124759231173 -0.1535394673985817 -0.488043243020014 1.0101157821676614
-0.08584277230838094 -0.05930739363557539 -0.2070145593470527 -0.07338366428044153 1.0103225070873598 -0.06806704784374203 -0.17475568948294135 -0.1296662537338702 -0.6291154031994592 1.0448900612552912
-0.08801158525733535 -0.06238087812391522 -0.20721295211149884 -0.06354810958612096 1.0201902975232366 -0.08788291382223555 -0.14880693084323635 -0.046929851882215094 -0.8437546625563688 1.0839220355311356
-0.09022852255976108 -0.06580434056727595 -0.20682792292121613 -0.05144617059567554 1.0289705779590166 -0.10777906605394202 -0.1534729187739364 0.08821660626770776 -1.0969754059948598 1.1251515031894943
-0.09237038211857078 -0.06982965062558044 -0.2060581650813193 -0.035459395049934096 1.0360310723657598 -0.1188116628377751 -0.20749514937629543 0.25918931610029217 -1.3304318961787063 1.158363931622687
-0.09424739104741191 -0.07466266685108036 -0.20541222921087016 -0.013347436078217156 1.0404807135378553 -0.11894166672291195 -0.29104281703808765 0.42316013278301967 -1.5283245605313935 1.1882529645584707
-0.09570540375999098 -0.0801369710648152 -0.20562920094621515 0.0167106549237108 1.0414332986654729 -0.11243460606066616 -0.382223871671411 0.5663208097505459 -1.6779324354735117 1.2107891619834816
-0.09659238482966577 -0.08585190922787315 -0.20785412026977046 0.057129433850356647 1.0378201040238573 -0.10254915860546669 -0.4796677456606397 0.7002370816495932 -1.7864466729728354 1.2207126085383166
-0.09678850594915461 -0.09107298989972089 -0.21362021102056203 0.11043450044711468 1.028554072539304 -0.08519426777184333 -0.5794336389396306 0.791640563990778 -1.845504328314906 1.2278261387600247
-0.09640399019031305 -0.09449931617435947 -0.22415552874548614 0.1771526518246986 1.0131448404976695 -0.06122096693988631 -0.6701036791937559 0.8269386111789995 -1.8014749617490728 1.2131626912517441
-0.09567055884703347 -0.09474212374735685 -0.2403359050125511 0.25678793573567804 0.9915091891810958 -0.052600327958962106 -0.7205212196792512 0.8463576713430316 -1.694637866240234 1.1683999223295372
-0.0946503320525519 -0.09086803423722198 -0.26296420221068123 0.34800691545351453 0.9641695718800637 -0.043969464423321024 -0.7347255417106962 0.802464903155008 -1.5258091205498805 1.1163378597648816
-0.09358710542682108 -0.08244166704240549 -0.291265086942573 0.4471140770394942 0.9322927704372497 -0.0266548848864999 -0.7276207853675578 0.6831496119353739 -1.313760226548758 1.0759516985417164
-0.09302720826659604 -0.06950899574939087 -0.32233608196216745 0.5479894115873809 0.8974605104678351 -0.0006168982424244473 -0.7097568360349699 0.5022140617945127 -1.1346625382712447 1.0820859248914623
-0.09370722885188841 -0.052584566322640046 -0.3515458270934943 0.6443558103254746 0.8606739937679186 0.015090205299741 -0.6614408492439765 0.28091020281057366 -1.1198492109490712 1.198602655338282
-0.09599596606615134 -0.033334799631481345 -0.37291270911304303 0.7322210074497266 0.8210288783546679 0.06636874431961004 -0.6928569001749202 -0.005651095268476551 -1.440393448723422 1.5636194929572225
-0.10184188934794111 -0.010772199452674736 -0.37697734097505803 0.809720195445279 0.7735535020823185 0.21610989733579725 -0.9725238543971364 -0.3497541048202179 -2.152445795716349 2.253667257732935
-0.1160600149774384 0.0212021555499634 -0.35010743634443303 0.8673165520945454 0.7136599055174144 0.4713391909207102 -1.395161893876028 -0.9932071184568325 -2.6500818060923677 3.0727386005712374
-0.1427527415776001 0.05902100075638925 -0.2681879694505017 0.8485614480777773 0.6600748485359771 0.7973280794450586 -1.8961855252616653 -1.7699983104380572 -2.51222605039762 3.6134160334944427
-0.175932356512502 0.08409726112364464 -0.14040254380487546 0.6958488718661624 0.6611825271893632 1.042797846341012 -2.3234035792623025 -1.9430044149469274 -1.7848857408454388 3.2929001244675713
-0.19969450001645866 0.08542421705864015 -0.034157003646361414 0.4867587970014766 0.7209500345363404 1.0090456907554892 -2.252807321165663 -1.5056384908116662 -1.2879769611003185 2.529172486270614
-0.20975468747586556 0.07084597101948595 0.02939865866426088 0.3277959868311526 0.7839904549662351 0.8498049705094732 -1.9777795823526132 -0.7948848212109931 -1.1700579656749788 1.7317522723834355
-0.21426646901241567 0.058612713234554796 0.06740645139223157 0.2394694287324029 0.8188978622873867 0.7350395927976904 -1.850876223887949 -0.2045517914553673 -1.5376196631534458 1.3884085423512837
-0.2177856203262873 0.052689274238437264 0.09575539243704774 0.19400708424012456 0.8302666405102197 0.6648895077622917 -1.7534346545914934 0.0630403762591437 -1.8268853294706082 1.288555871300651
-0.2201492986884487 0.04716832807832705 0.12188579723506907 0.1617544753059834 0.8328492505964249 0.5311568118430137 -1.317509263548828 -0.27449336823713827 -1.3619502914691042 1.1985833366495082
-0.21598061305131303 0.02208630194871838 0.15220772231633112 0.09844969147412293 0.8541608607660809 0.3077755928901374 -0.6054378497916946 -0.7946694645262649 -0.610642097877016 1.0617728590771152
-0.20636779187994983 -0.01792596964700376 0.18329285556887462 0.014228029384050203 0.8891807431129631 0.17051998516528571 -0.19638526753396407 -1.0310403784444129 -0.3261399858685645 1.032184870716532
-0.19735754072857517 -0.05287382188643018 0.20928048072063754 -0.05758152222761613 0.9173957129216185 0.15983349633542876 -0.22313852308800552 -0.8698018354939541 -0.8635008988340086 1.1977831552617935
-0.19090567615838003 -0.07717877604210352 0.23103757795209784 -0.11094831920171815 0.9330071729060032 0.2360408105885191 -0.5370072517169451 -0.37140576840511924 -1.8065281198688505 1.28249891044669
-0.18482205524244225 -0.0986153957243912 0.25257740227152736 -0.16302922616102317 0.9443781677948968 0.355325406430661 -0.914969206180016 0.13223860630075962 -2.8682580245993927 1.4059460292282857
-0.1863893946008635 -0.0992699900218445 0.26752329284078247 -0.19533679465247372 0.9438501815388688 0.45516294499136384 -1.199405936411046 0.46011657470784745 -3.6728370390098695 1.5406207681015474
-0.21154195805182835 -0.04209034931551491 0.2567822470719764 -0.16525773045028663 0.9237200417072966 0.5182900510804621 -1.354068622977269 0.5756132380317881 -3.9968669475152607 1.6208996396758515
-0.27528024032613746 0.10635332335253354 0.19702131923631688 -0.024430092958580688 0.8842537778480695 0.5205121149679447 -1.3494714419742255 0.5195843318553001 -3.79988362057748 1.59519150879742
-0.4050740099841121 0.4073178294737837 0.05220991794978203 0.3413504043817018 0.8042718621100744 0.4618007220265915 -1.2054550337160745 0.314603992388274 -3.0885470064474343 1.4671194046732372
-0.6496707875875052 0.9700208859023313 -0.20599267926731127 1.110973726892867 0.6109414241336579 0.34965554703901075 -0.9543073490721519 0.10897920408427898 -2.166294980954096 1.2215516296154834
-1.0737248606946386 1.940477662885973 -0.5957513587481588 2.473818566664102 0.20670298347500415 0.18961827887231675 -0.6003025015714616 -0.03908177394124859 -1.3913002594262032 0.9583585693431089
-1.7086754253380319 3.3822085795850265 -1.1123689718650376 4.522204988170702 -0.4631807782028431 0.07532218077174178 -0.3546481933782189 -0.08459146127923783 -0.865897169435352 0.7062395724781092
-2.4830572337994825 5.112810149570442 -1.6592469117857749 6.769923034305438 -1.2240808144706976 -0.039186308828472016 -0.10271997342498622 -0.11034972718835415 -0.382849791412699 0.4471183479068832
-3.2267482282956523 6.7493743994410575 -2.092627055002793 8.461163793440186 -1.8167810682524614 -0.2304087340878114 0.3192362785233676 -0.2075781331089895 0.27917191104357775 0.16655375323099592
-3.714132403816937 7.834061073364151 -2.286783068471066 9.048698532698655 -2.0964581683524313 -0.4797831136863892 0.8674603891795185 -0.3143224882962014 0.9593388041421834 -0.12243657681744119
-3.754620446421703 7.972273550374431 -2.216815265902057 8.232976893421071 -1.9065651579129552 -0.651767047312302 1.2465046876217227 -0.42093180866956575 1.2638771035916176 -0.17823050105257665
-3.3642974634195384 7.212400865119418 -1.9452379609946917 6.183921730586332 -1.2752612460229982 -0.5661314180927426 1.0833722162741524 -0.44813981970160677 0.455372981865532 0.29725778762213456
-2.7919470423273998 6.099210191825658 -1.6402741089181814 4.073643317685868 -0.6466011715995539 -0.27059482330444845 0.49970609160435453 -0.4288025788569905 -0.954495858257664 1.0474000925687375
-2.23323130505219 5.042799398065622 -1.4447957885236222 2.4954753238187095 -0.14924708429573486 0.10237749343788766 -0.16938954240071172 -0.438911416784117 -2.1546661597353207 1.6893736484558677
-1.8049138456045017 4.251647056438134 -1.3623640598989504 1.4652767146991375 0.2270182221786931 0.46952799987446875 -0.7648122945375133 -0.5362186180879438 -2.780655760359566 2.128336833708395
-1.55134784008911 3.7963534710218103 -1.3260292241323552 0.6591622255600464 0.5530498285990906 0.5553180052130309 -0.7438562670127978 -0.7493628077480577 -2.5475740646861276 2.2333638249475856
-1.3954013866753305 3.4847030598282127 -1.2295556922970499 -0.06303515456311778 0.782583140024359 0.36099198621335565 -0.22267929941134826 -0.904260657311428 -1.3813300307065794 1.8049991317957543
-1.3021225906400373 3.236958396966555 -1.0701297507948868 -0.8325776961896516 0.9971233582437408 0.09729710469247044 0.2510800678879842 -0.8763700726208933 -0.154111051712864 1.2203322664031728
-1.1732616889691294 2.8404398535112367 -0.8364370801555161 -1.7777697172909948 1.2755560812589748 -0.06023547984124527 0.34992767513541573 -0.6509577709603209 0.359947143423629 0.8501670648169183
-0.9599058308782978 2.2288087229854767 -0.593472715395859 -2.758324620479358 1.6210400834649952 0.03510743037468994 -0.1010180924438755 -0.3473619917047043 0.0724440517461827 0.8260050679383666
-0.7042775923430887 1.5302702759766886 -0.40702620762457 -3.5245383276041737 1.952469265164995 0.236604818525107 -0.7147961375267704 -0.03866906431480426 -0.6018013476181585 0.9507254403272782
-0.48628376111639465 0.9562057585628544 -0.31337540451985196 -3.895244882224094 2.1600130786045253 0.32553629811027696 -1.0096082525341696 0.21266809955790641 -1.0929634754395323 0.9690834507239421
-0.24361236716044773 0.35760475285738985 -0.2634691672610584 -4.25401333052706 2.4012243995187914 0.31755296232612995 -1.083053513816769 0.4426859069163172 -1.32425144198367 0.8556823871222577
-0.043240779983006496 -0.11144167298116733 -0.2510020841119676 -4.494251360258302 2.582583435937212 0.2738755167873253 -1.1098904935609628 0.7021687362883957 -1.3559777373468391 0.6213632360296095
0.10177298044923543 -0.4276692099733651 -0.27863911950154957 -4.636103204826855 2.7170732639083517 0.2364504398960169 -1.2149891074042438 1.0246511364485662 -1.097774729136742 0.2069133345589223
0.2467043653562948 -0.7645821892728357 -0.2698188985676501 -4.579729048600828 2.7073978307493336 0.10498821653749033 -1.1072595768396827 1.3173499021767026 -0.6544971700180249 -0.2938213751719456
0.3906446180983609 -1.141655175337811 -0.23480890095505627 -4.2415152898064745 2.542987528915472 -0.05957560920353433 -0.8786805711313119 1.5655310587615603 -0.42404970597201797 -0.660634543793842
0.480085616220866 -1.373773042608215 -0.24060741732491128 -3.8847465822510254 2.382800324898937 -0.05281137056606462 -1.0186549829358094 1.838613094163498 -0.47835694216309727 -0.8571390039664969
0.4969095887164842 -1.4394992272119007 -0.2581134787314254 -3.5943880490451794 2.2581386392051384 0.05644514135128731 -1.3768052981498706 2.1135187247221854 -0.8423076885607703 -0.8457239819310449
0.45284286980471367 -1.357616485167579 -0.2730567135549274 -3.4122694932791853 2.168971611212438 0.33798915081761055 -2.117128042160086 2.394496591915359 -1.3962628101276788 -0.6825911080184973
0.41365106961346254 -1.291459101797413 -0.24372669083926393 -3.4090824192375364 2.1413149726833955 0.6900490783206653 -3.0098819944632504 2.657727740648064 -1.9217013659464302 -0.49695488104202507
0.4949487205365467 -1.523822353349787 -0.15405782824288716 -3.4695908699607334 2.1433938518625943 0.9834319442833959 -3.7218982288113014 2.828869540408718 -2.36440826201664 -0.3184599400151964
0.6540940076170866 -1.9650893407314303 -0.07499057427064487 -3.367372321092431 2.135992378877206 1.2166044942639969 -4.2182546577437705 2.8594140349603556 -2.7624916105248833 -0.11735558442933969
0.7365284219904623 -2.228466454608905 -0.04320676763363327 -3.1043900690738315 2.0731908540659703 1.4566121289424372 -4.692411505677951 2.8049360422274585 -3.4040319429640005 0.269847200411262
0.6916775137094239 -2.2142375643601038 0.030541434373482872 -2.8870478986978796 1.9664865299114513 1.8373721311184223 -5.390571056289781 2.573319361352656 -4.127975788074709 0.8053850954379597
0.7466217915242142 -2.4342754152754686 0.14304929543750722 -2.5970217873423067 1.8254190764628189 2.264952490478715 -6.0586078357669715 2.0461753155074502 -4.885749954389332 1.5018344730626896
0.9747948313375076 -3.0446549373396365 0.3484634315399822 -2.542497580761393 1.7626776851555448 2.465365060566599 -6.009840348584304 0.8504977955913308 -5.0118362697096694 2.2673357207736293
1.2569611384958568 -3.587943373071771 0.18772818094418836 -2.1765821512493093 1.7195617409006303 2.41395576525278 -5.39060893938093 -0.5900288248654268 -4.649628538706173 2.976538011280687
1.3830244014221569 -3.5419127807252098 -0.6144865909175429 -0.7439402564673613 1.5122199596961434 2.1239042308607945 -4.462911042229222 -1.5314060982134512 -4.455680920091006 3.4756008071754314
1.2511269491440742 -2.9514314534747244 -1.4390522828296781 1.1808459941216087 1.105723765561486 1.7076779534403868 -3.4279507652692653 -1.9487976954958965 -3.798933982355095 3.435006219168521
0.9242178863379641 -2.0676659512232125 -1.8587335303282226 3.153151370191621 0.4216324292284959 0.9316981388296293 -1.7029595790935952 -1.9923273076384818 -2.138422026885838 2.654941380032665
0.602701996865318 -1.3477985852208518 -1.83591093198718 4.317179289869918 -0.1493225502268572 0.1420837208359369 -0.057304707841696494 -1.603503513380018 -0.6758057031592878 1.6663902891933646
0.39939961585855716 -0.9623394540583508 -1.5884138767231464 4.6472677895364525 -0.4621779018823785 -0.2651926427501327 0.7158972280317875 -1.029467686922946 -0.3030286502118689 1.068951157135576
0.29213680071180964 -0.8115216657435659 -1.2209721761159977 4.270321328436253 -0.5328323373133574 -0.4111076192933673 0.9756449659546694 -0.6855422936914066 -0.6396605200238418 0.9598384791293288
0.10551766880293635 -0.44264381020602517 -0.9067045187689107 3.6682441963465475 -0.522678714327033 -0.4423927447529641 1.0243973534351865 -0.570171834066459 -0.8710292513215354 0.9859487612371246
-0.1691613835826838 0.1524318490112765 -0.662354250408275 2.9903283272813383 -0.4681443708231478 -0.35870824852509525 0.8182073797692385 -0.5003997011157496 -1.022793847105906 1.0432901202022058
-0.5438079427282845 1.0078712500510019 -0.5236470169631486 2.367121866056976 -0.4046228020782466 -0.22548901262001136 0.5009370653692559 -0.47061214049831135 -1.0974699069898883 1.1162674929718701
-0.8882314505475194 1.7966348967069274 -0.4180720210787657 1.6945867951043827 -0.2750736271069281 -0.06580958268038603 0.12536436319841487 -0.449342805848545 -1.0869681759898508 1.160262511437068
-1.1126643667114926 2.3030401554654536 -0.32111555434185757 1.0133337739055668 -0.08145569696997082 0.043374803142807464 -0.1286786004237021 -0.43908029620712447 -1.0371459916552968 1.169895314234261
-1.1700287037749293 2.432612512673415 -0.2508276199585381 0.5538166376575775 0.07848982328570517 0.07806799417693899 -0.20618261093143844 -0.4440493560022229 -0.9505597286331686 1.1420215354302283
-1.1004415277720883 2.2795725459452534 -0.20941222644092375 0.3637850537091149 0.1659364826526311 0.07224325864772603 -0.18908705557007047 -0.45290114751284344 -0.8814564206844923 1.110309336025141
-1.1231751532961347 2.3529407633553903 -0.20880969591950707 0.39828480058001386 0.1302235046398616 0.09831382437072034 -0.2516741796810166 -0.44277440249945355 -0.9427823613811416 1.1455630812830029
-1.2467504834810883 2.6668759207205617 -0.2207936456393473 0.549770266430328 -0.001993613476774264 0.185717357374759 -0.4594072782084444 -0.4249655054639928 -1.0722478069973864 1.2359221673835414
-1.4277083332668095 3.120065894601432 -0.21721510778393102 0.7111095573685151 -0.1847813333645989 0.3456652672603028 -0.8383429835170363 -0.41332225267551054 -1.223737434229282 1.375862961010574
-1.627562704749556 3.6155802526927143 -0.1636231452717763 0.5225176220250438 -0.23841600892547965 0.49438945290750186 -1.1907949275599283 -0.4212418178962221 -1.265400199902888 1.4726784447521881
-1.5911821382077536 3.571299375369736 -0.067360360698893 0.20213112964872765 -0.1793897012483298 0.6310909646812131 -1.5148735549989631 -0.42950295700048285 -1.1814226859714785 1.495099313478665
-1.4482212023558085 3.285951823638021 0.06644053934977992 -0.28924242796089755 -0.03115666684904428 0.7464718971621914 -1.788226752386254 -0.4492303043598733 -0.9342470190061132 1.4312795361198574
-1.29849695910318 2.9804972713029096 0.19155064083430737 -0.874484733811543 0.18377519880667348 0.7440279562993272 -1.7859792069117777 -0.4466320777174802 -0.757177907860754 1.3314695402458856
-1.1565214491072051 2.6909213170445834 0.27810799901602856 -1.280174062902123 0.34264666797720955 0.7264526549884911 -1.7476160648137837 -0.4163961614361214 -0.7333341103826424 1.2773535132262035
-1.0800524296557636 2.544371438248828 0.28012634170415307 -1.5693248916011766 0.512727849822349 0.7089088079935459 -1.7062962925497411 -0.2985830298587997 -0.8384480130655759 1.193607594391883
-0.9081231642790208 2.1787211825564246 0.2619592642860028 -1.6104590285512743 0.6076224916572438 0.519745871089309 -1.2775823506652149 -0.16941079986992652 -1.177252776644642 1.1637425417573106
-0.7139945615377127 1.759969840948125 0.30081805686656254 -1.6318742661880223 0.6383917073496509 0.3420954052951347 -0.8747018731443763 -0.13879449545956238 -1.361036647279808 1.1641152265415518
-0.560874732243515 1.430028231370999 0.4272020447517176 -1.8016728982031753 0.6389008909287621 0.21269524157712044 -0.5762764132840373 -0.34984829191295724 -1.0888853794915792 1.201128831270839
-0.45020119382169904 1.1933289008611943 0.5791779098380492 -2.140358720029995 0.6844191903778581 0.08550312331940195 -0.27493466537021266 -0.711087931721349 -0.4315536071017775 1.1975389735446826
-0.3998397771014396 1.098379841154638 0.6107855647200039 -2.3153139150204 0.7484536965808578 0.15006309045563723 -0.4054254899562386 -1.0310328453246171 0.348552425396098 1.149560804104346
-0.41512767973717835 1.1658403143892218 0.45642848416251586 -2.1309196929224936 0.7946578266906719 0.3527267626073183 -0.8584885958588222 -1.1552411684792008 0.8657823010821463 1.0793844598627242
-0.4358903407371885 1.2603770016246774 0.19243855283609765 -1.6938009251064865 0.8164794487233296 0.21593516702626334 -0.5669553319363829 -1.1183737455571627 0.6379342909418886 1.1245705909484878
-0.4410685247152189 1.3263063496812713 -0.07666852635040372 -1.2579282739215216 0.8441927402666319 0.1054433453791919 -0.35073648031969057 -0.9924180763437812 0.42690636768053203 1.0845910714855733
-0.43820042109378654 1.3660689418832925 -0.27241393408197395 -0.9612406469511193 0.8717550847911333 0.023441523293989547 -0.19368073773200806 -0.9009801445505893 0.4268950587022666 0.9806141918220187
-0.45626537806246037 1.43652240098355 -0.37995183352557865 -0.8265868701783858 0.8918792153164969 0.005512263847028545 -0.16388737801063724 -0.8782228002432184 0.4913012950491887 0.9258401350141332
-0.49509328583478374 1.5384938389992062 -0.4242385246442775 -0.7792216464132209 0.8930269993049873 0.31521566582584465 -0.8928522335471237 -0.765480883911123 0.23035831171730975 1.052650080011253
-0.554088116545703 1.680450014714534 -0.44813711242721677 -0.7598954511242553 0.8844236107811041 1.1946690782812925 -3.001090161242419 -0.3622525659857073 -0.31066908248787123 1.2514871740967024
-0.5913955737002738 1.7715781473324073 -0.4642949668680349 -0.7480651275446377 0.8793134594065958 2.2598425073759376 -5.629750004614759 0.2841346837690854 -0.8402212799135097 1.3146163621032774
-0.5270660430703962 1.6226167612353573 -0.4470398727932794 -0.7054581662066914 0.8619432567509938 2.5958561503776285 -6.649829351777222 0.901679163019549 -1.9262881857775838 1.486963552665448
-0.4076404502880713 1.3287915291525214 -0.3880150300953924 -0.7093009902355363 0.8541980260616926 2.3873572223655106 -6.360948205716632 1.2561220319869748 -3.141891450977274 1.7771149501387862
-0.2991709628280044 1.0250485057209608 -0.27578223530121093 -0.9158729040876178 0.9106560154278762 2.1638016020278616 -5.88124826744501 1.2872429448929812 -3.620939531826446 1.9300371557093159
-0.20998534120102233 0.7183034486376573 -0.09676036532879398 -1.3960774769975466 1.0575054690111192 2.1090989245784812 -5.554926782631078 0.9522924447716934 -2.5894500130092686 1.6186472173642754
-0.08217005774964177 0.32420641003083517 0.07558485988892202 -1.800471400183836 1.1851541948579376 2.0162456208651394 -5.0615874618847405 0.5011691552012413 -1.166345733580204 1.1707878005147938
0.049464918392451374 -0.030879341090206867 0.16974520424700285 -1.8876524812446769 1.2073104954368443 1.8669400077944842 -4.609280659802947 0.3134346138985815 -0.8346984598070928 1.082011846873197
0.23580642737007657 -0.4499528840873065 0.1502927618870903 -1.620932661677618 1.1509295717666472 1.7309945632493637 -4.26335940893646 0.18622532580863502 -1.5085654079963904 1.4723207084366432
0.5446122460108345 -1.0941858738470096 0.02046205766151104 -0.9043064937405776 0.9926886377342901 1.6092815278577126 -3.9970702020245246 0.10314420263737714 -3.024487936678325 2.2528733855672805
0.6394559232069149 -1.3562100422226784 0.12589994089178386 -0.3977369147873172 0.7012871847742858 1.5538871656833269 -3.7961602266418635 -0.12698774156404785 -4.254087838306534 3.009107631916093
0.7035643070271014 -1.5856871950255595 0.30146199704903154 0.03298177293688573 0.390584848880957 1.3969144200839279 -3.348570832090718 -0.3405819656992489 -5.0690706043545815 3.519111728959292
0.7316254551395428 -1.7199032149964237 0.4523910757594952 0.3987001444617743 0.11556977615650776 1.3049975349757719 -3.249625883657254 -0.17828354292657714 -5.27954043340743 3.5317953209727815
0.7144624881803655 -1.6790979399271992 0.474604063794541 0.6486270279022495 -0.039761615724324684 1.3286300306100847 -3.792271094569025 0.669031609092147 -4.685838152627758 2.767876407074469
0.6710726452364492 -1.4849339652003686 0.3277608280782832 0.7358915879011452 -0.018442681506509073 0.914874065618096 -3.038501855650785 1.115153706027972 -2.5982638359012182 1.319625308350866
0.2747335626250634 -0.12097010157314347 -0.3680826964973982 1.5938383100063551 -0.18954241979508923 0.7623013203591955 -2.755249363518201 1.2159654185330135 -1.9373322095980265 0.9378262771370057
0.03357652462404231 0.5959409600672049 -0.8038463581194671 1.9326009715238601 0.07635655942783626 0.2506430518655775 -2.2330306400691406 0.7408830354645337 -1.9423096210985826 3.2373219908965623
-0.0019965088706389747 1.4931837462641906 -1.323564280004195 2.406298527607235 -0.9927122176632763 0.002266358646358864 -0.23917780549399295 -0.5236999384213007 -1.0569201803630486 2.0030499015436534
-0.0027392078722382456 2.219813212746603 -1.7637774377971787 2.769470258819651 -1.9474792096760307 -0.001024380686843042 1.0271929164273519 -1.4072156938897011 -0.5997621004953445 0.6646911177467543
-0.0026790039387529292 2.8238400297493182 -2.155889057217398 3.045816275028235 -2.6759395600954816 0.0007890845005310697 0.3327252767685684 -1.3027287184446117 -1.3972958655257783 2.4285528762318034
-0.0018838542216821229 3.064715717433289 -2.4207792228065097 3.0256407975978283 -2.681451093046401 0.0020185365239830683 -0.9187852550205953 -0.8340868984899608 -2.436115202271505 4.8576183187727295
-0.0007679242045039481 2.7767013916826215 -2.5263645477504495 2.5391184270426206 -1.5595456965807935 0.0010251682109418266 -0.7397214799507364 -0.842828845723156 -2.2223047036663797 4.358772314443814
-7.435779725813198e-05 2.1362320835693507 -2.5505250295631092 1.7202594385275474 0.3822707342949009 0.0001503160235680082 0.27748484387006633 -1.1851577254156327 -1.3376920797881984 2.2801115911592498
2.7063012632069678e-05 2.012637454868342 -2.7584948837375576 1.3502804056506459 1.2952788100510797 -7.465559340655254e-05 1.200518335485475 -1.581171492593925 -0.6243482147852794 0.6162815981975808
-5.110064849723493e-06 2.477546198935024 -3.1278537026720645 1.537285111571568 0.9073345545252425 -5.002120172544827e-05 1.8611099611863273 -1.9782144147585439 -0.23075926613955805 -0.27312795821107405
-5.688138377295333e-06 3.0107870239338306 -3.4326446527546532 1.8774109957047969 0.14638276343246992 -1.382591302783212e-05 2.309019211308965 -2.294786549812067 -0.01067362739863585 -0.749548374987831
-1.9997013405020507e-06 3.3707035379835437 -3.561896651488127 2.1818560982676187 -0.570705610326397 -2.8731299870564743e-06 2.3508405013164206 -2.353407037113234 -0.02394066385154679 -0.7158825492085037
-4.4179384205627555e-07 3.166975019426076 -3.35092563149428 2.1249603431922006 -0.5291655899243592 -6.524348891939372e-07 2.209172157837062 -2.2205207398462825 -0.07792749755750336 -0.6500101177153612
-4.748335318904942e-08 2.4249923124105104 -2.8547116053202415 1.6747604532972866 0.34291884760650554 -1.5264565205336078e-07 1.8856041812197148 -1.9542678170586807 -0.23073889193791952 -0.4017451957871584
2.5932696548572273e-08 1.176308170544328 -2.1507263745109553 0.7966986748051309 2.157226581815223 -4.244064088977558e-08 1.6462115044995789 -1.7431206088300477 -0.3345902033097973 -0.25549735069660956
1.4301695228075188e-08 0.025150840959733353 -1.5375177492825234 -0.05212285792193221 3.9248479468543915 -1.0614868020538364e-08 1.3888442662433396 -1.5869709993062202 -0.5081746774784653 0.08909389361878672
-1.9428717115603843e-09 -0.4231395969523259 -1.280913153675868 -0.37476480255533295 4.567451285126881 -3.299859503261382e-09 0.4748438567949088 -1.2225155856658272 -1.2851816678232844 1.815016831068152
-7.304754252954887e-09 -0.34709638145899824 -1.2937476404263644 -0.29382918967428684 4.37743731180717 -7.500919658818512e-09 -0.7694102477196443 -0.7281345966347665 -2.371608743973203 4.175280550970656
-7.351933875050546e-09 0.017696527998730113 -1.4439977346202115 0.029889326860452366 3.6978305021312545 -1.3934318816733521e-08 -2.1835353073531114 -0.14795037747062298 -3.6254335365851693 6.81712933450444
-6.437169635855835e-09 0.3358825725341178 -1.5742695808517013 0.3204687831411702 3.1012652014015516 -1.8585738366744746e-08 -3.18800693505833 0.2788068725939171 -4.530159076555746 8.66176497412543
-5.540101911019301e-09 0.5474106864212762 -1.6630483277344188 0.5247780469239591 2.706910449992035 -1.859894937233312e-08 -3.2798269602175605 0.36420352870571515 -4.61602269253149 8.72247179267271
-5.70829405195611e-09 0.5347890615024246 -1.6736502036558285 0.537004545280132 2.7617389990311203 -1.3366768108581592e-08 -2.1013484699121396 0.0027110618799547686 -3.537905289338755 6.228154702706935
-7.367693307464009e-09 0.17338220532411663 -1.568372413291923 0.2428553042965602 3.5307620683585847 -3.4511488302289656e-09 0.09419567800548595 -0.7005430109047206 -1.540476338578311 1.6540943984473075
-1.0581697235152312e-08 -0.5393029256982597 -1.343193499153903 -0.37485103428367467 5.015351529703675 6.868154407917687e-09 2.3879021902350965 -1.4393367673551913 0.5327112573083315 -3.1110223748647803
-1.2571518577182179e-08 -0.9746491477554249 -1.207737300318275 -0.7851232823973955 5.934715105274831 1.2831564037130338e-08 3.6956679534298074 -1.8504272969817641 1.7773814835424069 -5.865957264427674
-1.1557802163672361e-08 -0.7243539686058756 -1.3051679083966434 -0.6222907757121173 5.468162353439611 1.1629128822877312e-08 3.36906818202634 -1.705877425068155 1.6373480625472683 -5.314386246730114
-8.712143026669155e-09 -0.046242565332420035 -1.5557274528505771 -0.10926416199789488 4.156932794873302 6.138685939528663e-09 2.0440961765792154 -1.206120429450784 0.675414762170965 -2.7855142184246717
-5.8345832533073826e-09 0.6468392544653817 -1.8176666140188045 0.41095502577193876 2.8314776785479085 4.845322160176332e-10 0.6704505748657809 -0.6795436010137184 -0.32918238686267715 -0.181850005725489
-3.636126292261696e-09 1.1806111739466034 -2.023254055942236 0.8136571458842468 1.8191158385396742 -3.6033219234508525e-09 -0.3281446573910612 -0.29086733405474663 -1.069904042459856 1.700160485963499
-2.466779925712151e-09 1.4652647436353772 -2.133859188299635 1.0320085230468705 1.2807000402758377 -5.9898419801953865e-09 -0.9135730488983341 -0.05990901593858759 -1.5149379316656577 2.7987159758857016
-2.203555316053973e-09 1.5304780215618257 -2.159645642820687 1.0790534671822303 1.1595559214299742 -8.593139941285002e-09 -1.5817566100013851 0.2243312106420955 -1.9917266444903707 3.9952201354296335
-2.3231288917955136e-09 1.507291385141822 -2.1537808047788602 1.0481940537037138 1.2149455763304995 -1.1955126267828379e-08 -2.496064635703283 0.6472122886775661 -2.5831879238182895 5.537205079386132
-2.950013440187671e-09 1.3524890233911786 -2.090447618146008 0.9218527653878363 1.5033915650443355 -1.5393291950986463e-08 -3.4855393089113234 1.138434375737545 -3.159905815267207 7.110730111974953
-4.13583243458904e-09 1.0100433291662962 -1.9180246683680373 0.7133150089713788 2.0459587251745384 -1.613716950658836e-08 -3.7936083474462845 1.3432387044044904 -3.2203615908667587 7.445426289070562
-5.58532942251829e-09 0.5257965017497096 -1.6365309698347752 0.4913166074147142 2.705085397727994 -1.2340226075377084e-08 -2.8575694443743727 0.9612226863127062 -2.455128716562511 5.698267492309525
-6.445603254683608e-09 0.13069731133653115 -1.352912960353263 0.40971634757936715 3.089558061041321 -6.348871908355456e-09 -1.2286887545508172 0.19652299852983096 -1.3369256983893856 2.950754742037747
-6.535696059634624e-09 -0.040994911532722035 -1.1823231176503353 0.46107627107237825 3.121707778177087 -2.3641040562537784e-09 -0.014921187990938948 -0.45388803478343376 -0.6546720349935812 1.1316082343907885
-6.3133020785800236e-09 -0.03958971257079845 -1.1470930972448221 0.5288526931951893 3.0160662828859115 -2.011434749884682e-09 0.28222024200691764 -0.718821823490969 -0.6755223432561379 0.9825457106450011
-6.558870399746661e-09 -0.05484274985536959 -1.17277596409715 0.46343685396649964 3.131958124420462 -2.955786312142822e-09 0.24395726735707282 -0.8377203451919973 -0.9386466681988035 1.4293635485268394
-7.410442986964213e-09 -0.1526963774357169 -1.2113354524781506 0.2552859217894474 3.5309212863024184 -4.174440204466927e-09 0.1227451856755376 -0.9129360600215818 -1.2442697263036377 2.0014498509625698
-8.479764198845319e-09 -0.2868016049178773 -1.247623775941218 0.001637399669842088 4.0311875436503355 -5.0277220768805884e-09 0.03334552937278757 -0.9608060299634112 -1.4546026349138401 2.401732043249075
-9.390046049757223e-09 -0.4063861105384881 -1.2726926273918182 -0.21084181119099474 4.456709600098637 -5.225708512550512e-09 0.01906581689736231 -0.9788192442102254 -1.5065145291058584 2.4950067075393285
-9.88655561458541e-09 -0.46349427340335997 -1.2954008285785958 -0.3283530496234113 4.689321007637671 -4.878392647438031e-09 0.0693361146309373 -0.9739475249278067 -1.4294363050789722 2.33292602406977
-1.005806320306157e-08 -0.4648182324342804 -1.323559084770475 -0.3741940199303586 4.7708290588337 -4.2902888260908375e-09 0.14182686934756542 -0.9518157474881382 -1.2949613096877541 2.0576852388390114
-1.0176782807519496e-08 -0.4535230597663789 -1.3564911766703736 -0.40968785402005486 4.828016997938387 -3.851548344588629e-09 0.18573881388743096 -0.923871331690251 -1.192773244788449 1.8516996999935031
-1.0377524976507633e-08 -0.4574626151494065 -1.3867603509964517 -0.4629852592333058 4.92326644912929 -3.5728822792503068e-09 0.20821729818175186 -0.8999847939612516 -1.1271266870433267 1.7205202998835742
-1.0541184548241287e-08 -0.47135844230124935 -1.3993568575906723 -0.5049083632289522 5.000236511270127 -3.387637118549292e-09 0.22025398782797811 -0.880815670919851 -1.0830658812735685 1.6331314638098928
-1.0615404672133047e-08 -0.49124040201950275 -1.389494743147001 -0.5231085740961384 5.034263770629161 -3.2573461797932483e-09 0.22895466067979775 -0.8675458355777985 -1.0523797277536076 1.5716798991124665
-1.0636037778173229e-08 -0.5153262705684124 -1.3654445523486762 -0.5271460941563013 5.042520974686496 -3.1645367698543875e-09 0.23485113258111756 -0.857716926919158 -1.0306580674952985 1.527885616669386
-1.0657567966859199e-08 -0.542725054995875 -1.3378029929553437 -0.5308838486501809 5.050992412824902 -3.181113125942326e-09 0.22756615285751264 -0.8524133695844942 -1.0336876096060867 1.5353078336866914
-1.0689934845911663e-08 -0.5693820432606552 -1.3128838589009446 -0.537583199045691 5.064667196182558 -3.3397945254571276e-09 0.20150404526156737 -0.8511554003886985 -1.0684562789304766 1.6091620239533622
-1.0696732547992049e-08 -0.5878673055129062 -1.2925866675050968 -0.5397165405026166 5.066693289435196 -3.565105572878225e-09 0.16582664891834714 -0.8508615464072186 -1.118093108598276 1.7141120918139594
-1.065821881670636e-08 -0.594434518000357 -1.2776256002399982 -0.5331292050884611 5.047914121153048 -3.7525867172686745e-09 0.13493053583275477 -0.8491920666749014 -1.1595621542267427 1.8013613090064222
-1.0579417167259047e-08 -0.5905018137757168 -1.2673021342790587 -0.5187494851930469 5.01063014095138 -3.841160305163515e-09 0.11820468325202971 -0.8458439259731309 -1.1797039850445312 1.842438943376261
-1.048578566305767e-08 -0.5814156851511807 -1.2601330400157063 -0.5017429915521017 4.966616741881374 -3.878085571612163e-09 0.10931620704079581 -0.8420940284783505 -1.188894225690765 1.8594336181898368
-1.0391109390789265e-08 -0.5701750425485561 -1.255202365848693 -0.4848712140355204 4.922243651423575 -3.913330930047928e-09 0.10059830653477694 -0.8382148877255927 -1.1978553645607173 1.875638864662868
-1.0296602611240491e-08 -0.5571702568466335 -1.2522913366829416 -0.4683379229022023 4.878064074015307 -3.963663789391774e-09 0.08955716827289258 -0.834385922761595 -1.210207189590164 1.898876086666058
-1.0196372672246996e-08 -0.541342027568954 -1.2515460206078741 -0.45089441475689424 4.831341155844544 -3.994207329026194e-09 0.08274457475513104 -0.8317675851641066 -1.2186628149172236 1.9129634635680146
-1.0089603937380306e-08 -0.522771603974119 -1.2527324725733542 -0.43230682051129654 4.781681572452042 -4.020245824156771e-09 0.0770930258511638 -0.829624814468039 -1.2264281378896928 1.9249797802885762
-9.975730690760202e-09 -0.5014292752124693 -1.2557865194856375 -0.41242543545914306 4.728818085302802 -4.077689987590479e-09 0.06567906234653435 -0.8265681263952778 -1.2409909050811871 1.9515756688920727
-9.848993578279239e-09 -0.47601849034513677 -1.26114354528475 -0.39008983692548616 4.67009240865767 -4.157932848083684e-09 0.05072727423833154 -0.8235608865335582 -1.2607152113794424 1.9887963574076455
-9.704439359961315e-09 -0.445405070560731 -1.2691988089588562 -0.3643119313257011 4.603219533586334 -4.180653258913297e-09 0.0482821707489426 -0.8243502906712408 -1.2689330780140067 1.9994358461720525
-9.5486603908013e-09 -0.41118478123737034 -1.2793319558544811 -0.3363824409211206 4.531235258003992 -4.066277699594467e-09 0.07426760556032028 -0.8326602888913136 -1.249145134374645 1.9466348713832589
-9.404005703639884e-09 -0.3785959320650139 -1.289632776075216 -0.31071039534234124 4.464442329828263 -3.843190908659765e-09 0.12234546820989446 -0.8464601533641584 -1.2067614947613945 1.8435002536907092
-9.292060526294215e-09 -0.3527297197157545 -1.2982212984983998 -0.29154803962366044 4.412789409437116 -3.615793479532279e-09 0.1710305046638897 -0.8602195796919128 -1.1630317834658244 1.738353570253209
-9.218454042369446e-09 -0.33503004762251654 -1.3044771864540656 -0.27998613401133404 4.3788636387619615 -3.4485669742297853e-09 0.20716944436767862 -0.8706455667745782 -1.1312253748044008 1.6610474833448328
-9.176556048625295e-09 -0.3241201343807071 -1.3087676663163146 -0.27469097868717907 4.35959725523381 -3.3506076234513044e-09 0.22894951879295505 -0.8773164016011286 -1.1133249542389123 1.6157961422355438
-9.156046301409518e-09 -0.31774648035207465 -1.3117877244468021 -0.27360553898826556 4.3502221160164325 -3.293971698158434e-09 0.24215711786503388 -0.8817457326025365 -1.1037080232794165 1.5896679792502117
-9.150299776240639e-09 -0.3144771614153479 -1.3139663820553242 -0.27540909252153956 4.347676371348944 -3.2624110019448187e-09 0.2501517959773893 -0.8848063824168434 -1.0991035841048828 1.5751433466831204
-9.155087209656122e-09 -0.3134124307331319 -1.3155609252862372 -0.2792575982585693 4.350004468368263 -3.245322512994545e-09 0.25513293501512496 -0.887076385215615 -1.0973669735014635 1.567315602787011
-9.167967478607643e-09 -0.3140492333666317 -1.316701084202846 -0.2846629907207297 4.3560766050530875 -3.2379469430850176e-09 0.25808296861962715 -0.8888079885426875 -1.0975454767309802 1.5639819697543358
-9.187281878631902e-09 -0.31605419124373657 -1.3174652455203182 -0.291293087981945 4.365124546480681 -3.237486524473787e-09 0.259567899760179 -0.8901368834907954 -1.0990748345549515 1.5638468142328112
-9.211839938874561e-09 -0.31919307731721697 -1.3179037704657566 -0.2989093263270988 4.376596588184293 -3.24389694964371e-09 0.2595627461077438 -0.8910249619214772 -1.1019566292600378 1.566887395606494
-9.240373229059198e-09 -0.3232056778676141 -1.3180823844734022 -0.3072588443241293 4.389905579291896 -3.2563667561517184e-09 0.25822673084204084 -0.8915044678144753 -1.1060370752169533 1.5727275631519342
-9.271718354823819e-09 -0.32784917578217065 -1.318066032092196 -0.3161104322741739 4.404513253811986 -3.2725829044072398e-09 0.2560705701075938 -0.8917355509357121 -1.110854455939798 1.580298862675741
-9.30528484875839e-09 -0.33300845507027216 -1.3178781708533158 -0.32534776109149244 4.420145890252239 -3.292418432895807e-09 0.253103585920902 -0.8917042963435802 -1.1163914953358742 1.5895413985649418
-9.340986502243975e-09 -0.3386829834314505 -1.317503045146283 -0.3349592277974623 4.436762470088002 -3.3226049468381435e-09 0.24772946308854435 -0.8908107372541167 -1.124044316791643 1.60355733474501
-9.376776033882322e-09 -0.344412527843562 -1.3170923281046147 -0.3445440222741669 4.453417907262263 -3.359497135544183e-09 0.24078132293087856 -0.889340165671969 -1.1330876984339568 1.620664673438986
-9.410980053472463e-09 -0.3498144493408334 -1.3167769391745265 -0.35377614360391907 4.469340107251901 -3.3985654106604225e-09 0.2333681340852869 -0.8877284800168871 -1.1426351059016067 1.638778003365399
-9.441829126357895e-09 -0.3544739296609385 -1.316707267781747 -0.36230415642994035 4.483713299175092 -3.4257297079756604e-09 0.22889563071601807 -0.8872974966596078 -1.1498285874390515 1.6514126849184594
-9.470405247446597e-09 -0.35864098161486424 -1.3167951463587322 -0.37033344494096054 4.49703647609394 -3.4357906697181867e-09 0.22861854850650343 -0.8885387537181174 -1.1535601739146037 1.6561741321209904
