24000
25
0.021628896762789777
0.021628896762789777
0.021628896762789777
0.021628896762789777
0.021628896762789777
0.021628896762789777
0.021628896762789777
0.021628896762789777
0.021628896762789777
0.021628896762789777
0.021628896762789777
0.021628896762789777
0.021628896762789777
0.021628896762789777
0.021628896762789777
0.021628896762789777
0.021628896762789777
0.021628896762789777
0.021628896762789777
0.021628896762789777
0.021628896762789777
0.021628896762789777
0.021628896762789777
0.021628896762789777
0.021628896762789777
36000
25
0.024086145446733896
0.024086145446733896
0.024086145446733896
0.024086145446733896
0.024086145446733896
0.024086145446733896
0.024086145446733896
0.024086145446733896
0.024086145446733896
0.024086145446733896
0.024086145446733896
0.024086145446733896
0.024086145446733896
0.024086145446733896
0.024086145446733896
0.024086145446733896
0.024086145446733896
0.024086145446733896
0.024086145446733896
0.024086145446733896
0.024086145446733896
0.024086145446733896
0.024086145446733896
0.024086145446733896
0.024086145446733896
