-0.26430245810963715 0.01757096590780745 -0.2562193365860938 0.24888694868612604 0.9478972340853233 -0.16816131487248306 -0.1168090327810903 0.0003295135349019474 -0.035558412892109204 0.9644379571584204
-0.26188543495304184 0.015860786482827283 -0.240027402010861 0.22303498424091414 0.9491442575780789 -0.16847141360831344 -0.1168035935929796 0.0021091543050980473 -0.035358363357907645 0.9651017375147144
-0.26387506550572426 0.018937436509779554 -0.23087073278601844 0.20536445895589475 0.9501419447315668 -0.16879178717137153 -0.11679559547347056 0.0038719142895373804 -0.03511400259995691 0.9657982388063415
-0.2711916582711443 0.02773006052535116 -0.22856230749819517 0.19666002579679254 0.9507886563933962 -0.1691217091946468 -0.11678619896474772 0.005626528369014017 -0.034826114695893994 0.9665257563061972
-0.28136662528734524 0.039639778313998404 -0.22889405316800088 0.19178685990071478 0.9511869150174881 -0.16945994357502076 -0.11677695265025521 0.007380322412518497 -0.0344949428086799 0.967282121011066
-0.2906338886229841 0.050417174358906615 -0.22595580136247398 0.18543398312738013 0.951538752907368 -0.16980543103845172 -0.11676916450067779 0.009141331145946403 -0.03412058061542863 0.9680645775178223
-0.30031481316325254 0.06151153023309388 -0.2209180240970434 0.17871046296809026 0.9518527048351508 -0.170157873201689 -0.11676322198766016 0.010917979764798996 -0.03370260216739887 0.9688696409467004
-0.3092494799611508 0.07165471894171294 -0.213356340133453 0.17158583734064295 0.952010272662061 -0.1705163455578802 -0.11675996446921406 0.012714815905850519 -0.03323858463039468 0.9696934232461673
-0.3165458610604804 0.07971318180059453 -0.2014770669400654 0.16309740348401494 0.9520144048247924 -0.17088120986883779 -0.11675899135377926 0.014547223708519139 -0.03273089078543562 0.9705305642035488
-0.3220717510362992 0.08554219149375804 -0.18890782673701018 0.15545509634372717 0.9518723711489377 -0.1712522571972394 -0.116760068075779 0.016420666190073062 -0.03217696501453949 0.9713755417980798
-0.325086319358659 0.0883087145161047 -0.17576129164523796 0.15021755353959176 0.9511231687888438 -0.17162758154477817 -0.11676431851368652 0.018324605281122616 -0.031567088038194066 0.9722239689745819
-0.3269635152103051 0.08969806922001895 -0.1617412116085163 0.14615236280427954 0.9497548557633402 -0.1720071910196903 -0.11677104030375768 0.02026436571900823 -0.03089937430555969 0.9730698272559266
-0.3278456153444781 0.09009868116480552 -0.14905419965718839 0.14272609592698865 0.9484108064630892 -0.17239054269926407 -0.1167800559831372 0.022244811003739786 -0.030171298292081927 0.9739065284199526
-0.32774935268040234 0.08956220734657047 -0.13746403226576825 0.1397066407185443 0.9471183465967716 -0.1724187350773133 -0.11716422967081006 0.02519371151701935 -0.030284696677585262 0.9746920172385297
-0.3281022874573506 0.08980584373968091 -0.12864861159498547 0.13647705204362143 0.9463672580959938 -0.17097663691516807 -0.11913224907880768 0.02798157513386541 -0.031792231738082884 0.975793511475159
-0.32984511790919785 0.09189247829869084 -0.12302020355789693 0.13114008115511291 0.9469335522458572 -0.1686679775204095 -0.12203066641920235 0.02941806514346679 -0.03404359964554822 0.977466201630608
-0.33443643289680364 0.09733025903326151 -0.12172269044399747 0.12797373330259246 0.9480742170355665 -0.16496171710963312 -0.12637237805519294 0.030245206214947806 -0.03920621302482011 0.98014263323069
-0.3417734776870813 0.10596440369941043 -0.12501100574752275 0.1267408400728039 0.9498772463848685 -0.16102249966793597 -0.13087691846456728 0.031218564214125576 -0.04789706196882265 0.9839329284689289
-0.34993434336470236 0.115489366667427 -0.1317638382872984 0.12665081278473336 0.9523737457311326 -0.15709619526619117 -0.1354078193646217 0.032863767630236206 -0.05839868279574583 0.9883112233287847
-0.3581668075794667 0.12505671092204357 -0.139863194005839 0.1261575587711411 0.9554769169962207 -0.15239817914943615 -0.1408797005752393 0.03618251870419464 -0.07038738773412499 0.992662653121401
-0.367705084032664 0.13603339732458358 -0.14722072273758544 0.12545891370510054 0.9583741155308138 -0.1467412525101355 -0.14747788508358026 0.03825844126309229 -0.08203738129251087 0.9971908376770694
-0.3787751700339056 0.1487230536225608 -0.15349389769767133 0.12316619804944365 0.9614395607262276 -0.14055566832153252 -0.15470923101817413 0.039926402152802416 -0.09240429688596889 1.0013507483390263
-0.3906527931005267 0.1622678102907037 -0.1598662290860522 0.12242989943271367 0.9638488277524857 -0.1341882794651253 -0.1621405548424995 0.044397963475554844 -0.10449135163547314 1.005200635039535
-0.4030138077368734 0.17636565289268058 -0.1678874771305665 0.12550584990582514 0.9651109388732755 -0.1281271260702988 -0.16918354588002768 0.04942436806806812 -0.1178813581537776 1.0094542018057824
-0.41566753812355756 0.19075591695131353 -0.17660613049569263 0.12926514003654688 0.966210615730365 -0.12162064068661795 -0.17671994776866679 0.05492129060066023 -0.13194887171612293 1.0139124254108571
-0.427750624969958 0.2044424632366965 -0.18667099512876736 0.13466327262936267 0.9670779435840604 -0.11629914251895801 -0.18285490747818672 0.06044158459448167 -0.14648652057390807 1.0185480462957017
-0.4397258133877396 0.21791673776226997 -0.19718865104618366 0.14121391602369227 0.9676007928233629 -0.11232046607841278 -0.18738658998139546 0.06727964549256245 -0.16089155613271933 1.0224309851332938
-0.45105440313360096 0.2305420251532067 -0.20869650323691022 0.14876385344550366 0.9680887635798454 -0.10854262621579891 -0.19175711102500798 0.0738989180908267 -0.17491772400225364 1.0263071692813013
-0.46258059815046754 0.24336713133726331 -0.2224227165717679 0.15961163291091268 0.9678470232929597 -0.10452655261879319 -0.19649876893004425 0.0801854191808417 -0.18882216786675537 1.0303889131118005
-0.4737669705818036 0.25584996260232007 -0.23806035549750185 0.17412645017737002 0.9664594380443949 -0.09992809479287408 -0.2020190737989226 0.08556426481717015 -0.20256646305878237 1.0349039278255607
-0.48549399151030703 0.2690940813346447 -0.25259039168335573 0.1911487546149577 0.9628428444219497 -0.09551983128434645 -0.2072809993547134 0.09231533680520858 -0.21409945805594632 1.037554452904432
-0.49698245927386864 0.2820986658572454 -0.26584302159603246 0.20808639275434931 0.9584633447553293 -0.09114395886893285 -0.21243445336450661 0.09851802014421186 -0.22043925444019413 1.0375452226472344
-0.5081381010306025 0.2948363458111507 -0.2774007708206768 0.22466837797850828 0.9532260556631782 -0.08718346679908827 -0.21702041532053115 0.10253341234858152 -0.22062836858595475 1.0351041230141909
-0.5194111527326815 0.3076933595208424 -0.28735628429131627 0.23873500916300547 0.9485227023065642 -0.08360917673101344 -0.22089014858578415 0.11036964674246796 -0.21964107046659936 1.0295491758421391
-0.5303471546217791 0.32004796890377335 -0.29753524212510135 0.24984937074077265 0.9457872143604591 -0.08089014110686361 -0.22348891839287727 0.1195842608625157 -0.21356574228210248 1.0198568220199775
-0.5403867978282728 0.3312359085707836 -0.30847771017484027 0.2587191392738867 0.9449957914368294 -0.0799827825413379 -0.2236901517858349 0.12887906231937335 -0.20244376578792875 1.0066963594534555
-0.5483474818735137 0.3401085142830255 -0.3165591699234035 0.2647479761931884 0.9444622787513903 -0.07965114677707344 -0.22295086325914173 0.13598058090687512 -0.18557680646798783 0.9908649966358223
-0.5528680979223716 0.34515768054373375 -0.3172966963882152 0.2636034219089128 0.9442406752167262 -0.07941708857034764 -0.22175969618766359 0.14264037070692134 -0.16349223652821987 0.9715091686524331
-0.5556466755082582 0.3481357498399 -0.31532975483547804 0.25877918065404165 0.9448867385366126 -0.07985694642839251 -0.21962199037983826 0.14953274763545907 -0.14050397137247111 0.9510295938015616
-0.5539211610554455 0.3458354348797296 -0.30998177166133223 0.24892430061825574 0.9472559574795095 -0.08358766781069976 -0.21397511177379938 0.1524536692268044 -0.1189307877250664 0.9342390762323305
-0.552357842994701 0.34377549509959054 -0.3007829701872662 0.23544228501126518 0.949509632323275 -0.08833693783081135 -0.20723060492748696 0.15454700560647255 -0.10009535540155341 0.9198801508050047
-0.5512947367939566 0.34210025530864174 -0.2917144631650981 0.2199945956045181 0.9532451768130351 -0.09275121428553827 -0.201005803372432 0.1555075790014058 -0.08216827817734335 0.9069348195679017
-0.5508460315757887 0.34090171805028957 -0.2832380125780549 0.2037441992528653 0.9579911615888499 -0.09507791874385103 -0.19726591580066552 0.15683202241554692 -0.06596953464422645 0.8950052726263673
-0.5517726241700557 0.34093180039164683 -0.27691036234915156 0.18704201253977876 0.9648001990780166 -0.0972937211052088 -0.1940178326372123 0.15664655102512304 -0.052003567524330996 0.8861307789932258
-0.5533409304994601 0.3413170002816731 -0.2724580104128488 0.16908281055030103 0.9743318429354357 -0.09971737938682762 -0.19057609212765705 0.15610267314237833 -0.038371853842117415 0.8776949132024258
-0.5552910651898941 0.3418022888888256 -0.2705670191282924 0.1507994557485989 0.9864663963106156 -0.1030553891276953 -0.18621699410552053 0.15373509861290105 -0.024660678970621595 0.8705149332641475
-0.5577481178389534 0.34273386450935944 -0.2715420586287057 0.13408230822090525 0.9998844100162233 -0.10836229672507257 -0.17980862044269777 0.1522616159340929 -0.014141431705788835 0.8652218496725712
-0.5619627018690021 0.3459863651997549 -0.2666207908398557 0.1143247926800724 1.011112919428626 -0.11387932679957176 -0.173712207485551 0.14587598416968872 -0.0034061124818499447 0.8639530258549643
-0.5657271551226294 0.34993849882857625 -0.2564636230399922 0.09970209516619373 1.0130589866627653 -0.11900369577013607 -0.1687096399041598 0.13671265937237834 0.00490053855826016 0.867394380767373
-0.5689482369552482 0.3546706880815558 -0.24158727718314746 0.09077665576801607 1.005155326946166 -0.12310670480226919 -0.16551639907526777 0.12484126308259388 0.010786217826912341 0.8756662858767609
-0.571912104150085 0.36098282261820347 -0.22120785641548316 0.08987871513199627 0.9840670018721941 -0.12601039727449717 -0.16449826055340094 0.11040944708567377 0.013639173135016391 0.889516438934368
-0.5740707037868493 0.3680886042682551 -0.19547693047091422 0.09394132709866973 0.9525307739671744 -0.12870505516072978 -0.16427111159960398 0.09455848709821897 0.014444393576198263 0.9069539448986816
-0.5744661458553739 0.3746273206451159 -0.16658525742630736 0.10337755435244746 0.9122308910648949 -0.13109741207163728 -0.16466522170203443 0.07777788782220629 0.014611836326432703 0.9261115257188851
-0.5727918498888861 0.3797587945619445 -0.1318396918361755 0.1115322091767571 0.867516234334255 -0.1328536172002145 -0.1658820929119651 0.06122250164954399 0.014139817770226567 0.9458289784637902
-0.5700015046316174 0.3835079106556246 -0.09705069433442494 0.11668148288942394 0.8257194285954887 -0.13411462499300641 -0.16736280160627265 0.04548043109984471 0.015216903756343662 0.9631454329554434
-0.5672380883371112 0.3862279559970129 -0.06567971141445304 0.11739922958201084 0.7922416732689217 -0.13487168129262855 -0.16899797316438947 0.031985079096896664 0.016763675765738697 0.9776104669704939
-0.5631800834389235 0.3867366503900264 -0.03733222058935487 0.11692181870903863 0.763474021749563 -0.13589089377340696 -0.16995337276405462 0.021900709140982064 0.017150890195973392 0.9896622460414405
-0.5607241597972207 0.3876994682640204 -0.015870715955955066 0.11498448314312865 0.7435623052763812 -0.13644176623197066 -0.17111450963525063 0.012817089288512547 0.019158015639313544 0.9989444932764853
-0.5580884770993877 0.3869702921312885 0.0019326233790472297 0.1086127204309871 0.7327742688290081 -0.13694527904326986 -0.171803712171221 0.006060807981761032 0.022213847142708052 1.0044173072780367
-0.5545761956060934 0.38389543205356474 0.01251942707461379 0.10261910071023371 0.7299345747902752 -0.13743809732921197 -0.17230658804065802 -0.0023495665832686512 0.02839597548332834 1.0080740164106325
-0.5519973043277245 0.38091369527406427 0.021674254560203013 0.09326871111073076 0.732825848904949 -0.13901653223144975 -0.17140732240541345 -0.011809848746106156 0.03659359524381984 1.0103005259489224
-0.5503483016859789 0.3783808148500913 0.02748496159384089 0.08491058307959662 0.7385814679598508 -0.14171415951356767 -0.16924604907553045 -0.021098377153698295 0.04436057867086482 1.0125307563476196
-0.5477148679513288 0.37423106230916137 0.03389945375260964 0.07421694626640424 0.7470682823393175 -0.14535655381491164 -0.16607138436528812 -0.029851655411292085 0.051110750634613955 1.0150941806587566
-0.5457779205965555 0.3708262947595973 0.04393797890868202 0.05967078882591881 0.7560162815250189 -0.14998752945771202 -0.16205283532023762 -0.03871920513542473 0.05644419029079704 1.0193259612141374
-0.5455066133981856 0.369348355778145 0.0575467947419012 0.041349337518825004 0.7651184233759162 -0.15513261658930044 -0.1577410725636027 -0.046195548431109915 0.05906293164706691 1.0251814817377618
-0.5468851211376168 0.3699218502300797 0.0748091748398257 0.019822724778116946 0.7735004913194459 -0.16048672837743724 -0.1537518692507291 -0.055133386928551104 0.06086504443061842 1.0339334528276802
-0.5491866902532301 0.3712180227977111 0.09426063823316845 -0.0055765209046198675 0.7840819299599738 -0.16763555804714841 -0.14906587373307634 -0.06847610950458555 0.06128762423063362 1.0500042298702625
-0.5540929319921752 0.37467111660813174 0.11197371050144268 -0.03321591883943502 0.7995321054995667 -0.17834619583677125 -0.1429354025777426 -0.09196501525789186 0.06045511970379439 1.080576205815702
-0.5610849421313431 0.37927715565503634 0.12769601868598285 -0.06447163944230579 0.8223406515942163 -0.1927481354445281 -0.1360848685080983 -0.12562787484699262 0.055063126948566306 1.130759302971912
-0.5701584063844121 0.38500410205495067 0.14042538281601294 -0.0971463567284995 0.8513481672979357 -0.2110875722095585 -0.12924367612053922 -0.17541027839831122 0.0477327494083778 1.2054942624638207
-0.5838775052699543 0.39299790888888725 0.142124945022457 -0.126108407449392 0.8908187676367264 -0.23615580863905955 -0.12033059491417303 -0.24651600897215298 0.04007273825712478 1.3095950890915788
-0.606814167319204 0.407674349694825 0.11872669012248536 -0.13642604051985024 0.9393940201118408 -0.26528585188560233 -0.11111691012559739 -0.34937947635118466 0.04675443255912139 1.4374394425779586
-0.6362905806957118 0.42934527967824726 0.08462883643763913 -0.13519076403476774 0.9855186219391641 -0.29946805906073987 -0.09893480327940574 -0.47259689556874396 0.06256108211360967 1.579963010930988
-0.6740504390359453 0.4620988180091429 0.060310880005233165 -0.13741386572382833 1.0207173222220915 -0.33194015967743157 -0.08834871829974826 -0.5923570015310419 0.07348751373509031 1.723170834350987
-0.7176321374125558 0.5002416255843708 0.02967211618952734 -0.1301998807266902 1.0519687710378065 -0.360864161353336 -0.08138727746690849 -0.718743438384735 0.08619675818330093 1.8714663762120396
-0.7730883534580596 0.5473994842405357 -0.012930377827460078 -0.11202009787389623 1.0866128351241824 -0.3899045407322167 -0.07357227153283886 -0.8417417027985069 0.08186555373867965 2.036184433284417
-0.8336910583167386 0.5954058531061748 -0.0514389087530366 -0.09636525519785219 1.124578857113264 -0.41578562888078163 -0.06774175264382838 -0.9608807940479999 0.05384459771389124 2.2266152928043597
-0.8977685368170171 0.6434758420082027 -0.07164284759450344 -0.0960791770520787 1.1641221565170747 -0.438406414966438 -0.06311847526090904 -1.074688066551145 -0.005070168867542717 2.449773682286761
-0.9580051038411288 0.6898040668647775 -0.0748774730721192 -0.1051430325462088 1.193354012800206 -0.4535742147952232 -0.062118992816130515 -1.1819103696643154 -0.07129698021616249 2.670986588057479
-1.0143290980704378 0.7373913189958585 -0.07182611666539149 -0.11411779150768415 1.2093287365063996 -0.45800118314709015 -0.06523436436439392 -1.2644529873882644 -0.13075799249710407 2.8438353946745583
-1.0710640989658489 0.783232173685803 -0.06495499291582801 -0.12251196353863553 1.2223218981697936 -0.4597704654234367 -0.06495584895425073 -1.3279701151617462 -0.22088806351586135 3.027026224826036
-1.123824420601481 0.8224823972612302 -0.053383321741103835 -0.1305018009139796 1.2318705871583824 -0.48119694249338807 -0.036728592668800956 -1.3769427992913852 -0.35657225628581773 3.245704381800586
-1.172078247718647 0.8567901944028921 -0.040077577821708996 -0.14058862454960136 1.2427950900407065 -0.5166921118990552 0.009451279774197225 -1.407393824715963 -0.5355103618415158 3.497801375501273
-1.218232126074238 0.8927846515055542 -0.03861506786786526 -0.14916408413095855 1.263414307151372 -0.5418195899670376 0.04898211712303447 -1.4017595405520438 -0.7176554661111675 3.70360733262412
-1.2665909277193463 0.9397606438952618 -0.06244761274648243 -0.15767995294876064 1.3081166157619921 -0.5411169182246977 0.06752736475801921 -1.3076577344489506 -0.856211370267061 3.722909571854986
-1.3127030047230166 0.9915237624377855 -0.10412509086385956 -0.15353532348688062 1.3509796385859407 -0.5312643763298652 0.07611963600199337 -1.1532049087341 -0.9857033464863217 3.6478410314865846
-1.356392721487731 1.0416246176906832 -0.15192723384170845 -0.14109607261466123 1.3901066362672656 -0.5376712884087412 0.10160958794826024 -0.9988999571205043 -1.1279477508151072 3.589782695140829
-1.3997496187112008 1.092719382625905 -0.20312372970890522 -0.12440733760453244 1.426203047160182 -0.56701033404476 0.15135211204770482 -0.8776449044997799 -1.2698269404298976 3.5760667603112943
-1.4436747294154637 1.146861133288 -0.2583459294912054 -0.10170226139537879 1.4560664439952498 -0.6193752936483173 0.22126290312229854 -0.786568729264391 -1.4130540603921815 3.6108114327561447
-1.4923822777006406 1.20762575694138 -0.3108325381202805 -0.08361984940757644 1.4857063673429964 -0.6738306808865234 0.2932352177061188 -0.7239264239559197 -1.5308189586644985 3.6516910137160816
-1.5498120951767942 1.2780972742670722 -0.3627615014203473 -0.07991284380261877 1.532629273060242 -0.7501869845420249 0.38408118884518133 -0.6985183768634209 -1.6507511877881047 3.7540429390178445
-1.602830988105623 1.3462654078293408 -0.40512343690258346 -0.07292995569629332 1.5577372498141826 -0.8369355717438647 0.487588795397024 -0.6999964140800338 -1.7441261764945917 3.8559490976516213
-1.6550556652355808 1.4152138725836574 -0.44155527654790044 -0.07237116171955932 1.5803043528651357 -0.9083546584949254 0.5764219490966519 -0.7093970664827137 -1.794435668795401 3.9099548877778263
-1.701181444547697 1.4779529620689207 -0.4738042551562577 -0.06780652564770201 1.5912652179977784 -0.9670343568071407 0.655045866913011 -0.7259586526610934 -1.8063565103986503 3.9185681224396953
-1.745401048085225 1.5368529938321014 -0.4995514617874704 -0.07083867321950954 1.6058438647150157 -1.0179302003569903 0.7266140669563151 -0.7342162540942004 -1.8121149139785129 3.9049833604504802
-1.7832487083067887 1.5880369558658118 -0.5192144700779432 -0.07106139835027254 1.6099481920910867 -1.0542120404825415 0.7853171237883602 -0.7361504530464277 -1.7975542400741278 3.8511325270331085
-1.8184180640201606 1.6329842517929558 -0.5412126028294829 -0.07716463198143822 1.631557004174581 -1.0809019116607093 0.8339572639502923 -0.7406230870991973 -1.7748208430691685 3.79038642239271
-1.8337976861877974 1.6605841502387977 -0.5529291764430382 -0.06606587844209601 1.610259851088878 -1.0826439419954295 0.8633384753962708 -0.7438329732784741 -1.7137405972704405 3.6653220828027484
-1.8293055152662903 1.6707445049256187 -0.5539303633184602 -0.04213964419143985 1.5512138683395058 -1.073964279045786 0.879463194066786 -0.7496039192772861 -1.6468322740225465 3.54051004390833
-1.812235818955755 1.667672460151886 -0.5452645919292407 -0.018166880677649943 1.478553686102297 -1.057826623723007 0.8866048041578148 -0.7554990507309817 -1.5742289316232885 3.410387726918874
-1.7826286310713835 1.6504247760572044 -0.5289163796651865 0.005761444397615873 1.3969266937324325 -1.0333948283449765 0.8835902302957648 -0.7598126758432103 -1.4954607805711868 3.2725920529211003
-1.750251780145203 1.6290942053826023 -0.5101784475267992 0.02587908193205657 1.3193551506976635 -0.9953161971773021 0.8672636033955596 -0.7623722595318544 -1.4015234170718185 3.1103221699029637
-1.6940213254988414 1.583372630744185 -0.4765897280274421 0.06121492487494633 1.1992276836357723 -0.9610417201483269 0.8540072112168968 -0.7750870454691178 -1.3052234865844976 2.961713136388731
-1.6207215924734002 1.5193330046870972 -0.43861902196156244 0.11587135326774568 1.0485775340051788 -0.9257666258346756 0.835820629500423 -0.7904595004934051 -1.2130700748009817 2.8294768775350807
-1.5509675496407052 1.4535864682686095 -0.40777008541485665 0.1667731559116575 0.9242492739499579 -0.880058278868615 0.8061215345718968 -0.8004642596420044 -1.1089955390365205 2.674454748740878
-1.472547131957058 1.3785763041438914 -0.3720364120211909 0.2275645704523369 0.779947081798982 -0.8412006223961838 0.783013859317421 -0.8151655739539712 -1.00669031065333 2.5298522812257813
-1.3957041791263443 1.302266253638867 -0.33321772609797984 0.2766191136400478 0.6518875524357151 -0.8151093462207384 0.7709609925060633 -0.8346952937551568 -0.9128843893273462 2.407890907070467
-1.3172761935808033 1.223539090974203 -0.2892270636288349 0.3230580821670511 0.5204348448579053 -0.806268082767857 0.7713768477487677 -0.8622237694874708 -0.838341948487854 2.3341502477368934
-1.2289188855835111 1.133759144019136 -0.2354249717330657 0.3659703009673304 0.37952793793934714 -0.808043125776141 0.7790137300950658 -0.8934166566981323 -0.7788096901595676 2.2929758497720205
-1.1401863217656947 1.0408838093435422 -0.18094080492001682 0.4040871580887003 0.2485559456232348 -0.8131169314094505 0.7876435024181768 -0.9195326716572572 -0.7267972270591249 2.2581842682365703
-1.0527635215171767 0.9478796071543681 -0.12778955079243068 0.44234530749237516 0.12213957443145151 -0.8295517888519258 0.8032612880640624 -0.944115474151756 -0.6973329345613383 2.26028552744854
-0.9730562411278701 0.861412487208416 -0.08127932323787616 0.4759213722425393 0.015420430881252167 -0.8564510354949917 0.8273327673688676 -0.9699688029953264 -0.6840198959213258 2.290138613596125
-0.9003996083826931 0.7793741366845834 -0.0373182987006363 0.5024349749210686 -0.0717939904509087 -0.8676806073900689 0.8350361062242189 -0.9842431894806674 -0.6682301228741687 2.2982352607369543
-0.832538811134035 0.7010179546605384 0.008569848030760925 0.5241602933159624 -0.15340430727085413 -0.868718003347091 0.8306729746898183 -0.9845423807574972 -0.6575418174549148 2.292768690225212
-0.765557007703778 0.6225595999637333 0.04888875954239353 0.5491807974412594 -0.22869519672228508 -0.8608288382196909 0.8153573443659086 -0.9760753136680125 -0.6519097433455893 2.2824176867465553
-0.7126506364471845 0.5584224340550924 0.07926832150529918 0.5732362743498037 -0.28664576033599 -0.8584241698531784 0.8072858610967579 -0.9688853214221123 -0.6458234642876008 2.2697539805011817
-0.6729411666647725 0.5033968235155645 0.09884815004298475 0.5934073722531343 -0.3122382199647351 -0.8533302037277526 0.7965484272784024 -0.9585895874941169 -0.6391096498033075 2.2506145180784944
-0.6503577492566746 0.46232307150918717 0.10790205665887467 0.6051045247118176 -0.3017344890322789 -0.8332144477388593 0.7703523875757443 -0.9361832937384736 -0.6244730050112769 2.20001129774477
-0.6257997011294352 0.41814406751797745 0.11465173895251747 0.6262944751476777 -0.2974341123853177 -0.8169635748677123 0.7460138378315307 -0.9149143521848903 -0.608107031777137 2.1529324610278184
-0.6041105482926461 0.377329492633059 0.1118440290272738 0.6563223947128928 -0.28958464662919225 -0.7993463262232509 0.7185160554061006 -0.8976130471793351 -0.5807718101980842 2.101679628517674
-0.5958539708770721 0.35073044044132007 0.09370337884672598 0.6910547419399956 -0.26363984842736693 -0.7843836773697197 0.6916052072657631 -0.8854991303570008 -0.5371927297486834 2.0420593759480754
-0.5933212951936123 0.3292742970340787 0.07355547900430935 0.7229060802594957 -0.22871776449832143 -0.7503386504892553 0.6470533746303635 -0.8684942823640988 -0.4547475436830676 1.9192383773392334
-0.5772105328917565 0.29946492114493195 0.0554496413875947 0.7801115666062172 -0.24238133204462775 -0.6702335724197938 0.5646610785906804 -0.83964235856397 -0.29115230031256867 1.6500258885277777
-0.5419360767743848 0.2509720121856469 0.038884100729491236 0.8712761509228631 -0.3041259399428255 -0.5427221192600409 0.43931814571380207 -0.8053964342820586 -0.038440513144547404 1.2439078921455016
-0.48700831231390634 0.1855256347769527 0.010153723092780342 1.0159878221886944 -0.42075289737550503 -0.347683959214395 0.25640954514630715 -0.7659915449867247 0.33037745700325016 0.6525260369348307
-0.39417272397175407 0.08880035432810061 -0.01647640941360731 1.2175848241002978 -0.6314453795165317 -0.07978555166476085 0.015823409288997285 -0.7129502182147854 0.8078176620447908 -0.14082464086478153
-0.28301955964378617 -0.022152283716671987 -0.04431033204604485 1.4455634998025333 -0.8839782567232887 0.22937914440076984 -0.25329551945973744 -0.6484113702684287 1.3241398442449406 -1.0367752622581392
-0.13515369289309193 -0.16756199084890824 -0.06416308105932748 1.7171223234145048 -1.213689562915902 0.5597121932295044 -0.5362193060468755 -0.577354301495723 1.842554026283018 -1.967053661947085
0.009413956214646678 -0.3063409485111451 -0.08850901320635521 1.9800398768461251 -1.5325248455864113 0.8440971215082885 -0.7714811785321094 -0.519173054202058 2.2648345569682773 -2.756868480269835
0.08879541577237449 -0.3815394806359261 -0.13963522432978398 2.1698010827271985 -1.7033917642044354 1.0280744856580741 -0.9136658281979319 -0.487647900966861 2.5260366882247247 -3.274700051618878
0.08231223907943647 -0.37698921451885337 -0.2137812288903903 2.228172970432239 -1.6480600688890847 1.1183270543686528 -0.9655744823965637 -0.47663890825839006 2.6395445456444917 -3.556437668326847
0.03533355517101923 -0.34458978238915033 -0.2906622650268041 2.1736197856542185 -1.4162310641822813 1.1658463465570503 -0.9895488631505017 -0.46675507003023287 2.6310915250757283 -3.6481222444058687
-0.08424233549161521 -0.24472100047260686 -0.3845862804733283 1.9930196586413098 -0.9853882270252048 1.137134618041821 -0.9438977653232506 -0.4692549937335387 2.497311645264653 -3.5431791699746955
-0.2564084729874157 -0.09846168096515873 -0.48699402230330724 1.7097503649169417 -0.3988622325317024 1.0536460662758647 -0.848976443217317 -0.48111688806393915 2.2874898390246248 -3.311280493455474
-0.4427214777787582 0.05412410962026582 -0.5768949344244121 1.3616019407968878 0.25965008448108395 0.9542481135012766 -0.7453704922117904 -0.48276920652161354 2.040406567879021 -3.0343608788929726
-0.6193768923214078 0.1892865189473581 -0.6585914680135135 0.9959176044031693 0.9402849036956116 0.8710694759750193 -0.6614907393512914 -0.47578091215294127 1.8242259932977176 -2.801328158478464
-0.7900150622623928 0.3251942816207885 -0.7309169172223658 0.6568278254128076 1.5552623897263476 0.8021697312489376 -0.5935220601119314 -0.47060909845419485 1.6491022580654515 -2.6093255631328445
-0.934172150938514 0.4411228927146546 -0.7927623080743144 0.38174101281716216 2.057593055762991 0.7513633312429604 -0.544413152100168 -0.46345541900134773 1.5114649504002127 -2.463363313705187
-1.047499022792985 0.5314029453167036 -0.8498570352879 0.18005826650744627 2.45071937810303 0.7163646459642691 -0.5112137519079077 -0.45479364863373184 1.4051780918862409 -2.3567595942408976
-1.1008402433419444 0.5726457246355658 -0.8807653324934148 0.09221002081788175 2.637003337709994 0.6924813945173944 -0.488856405443305 -0.4456000932178317 1.3210105606908678 -2.277735868499621
-1.124803725542707 0.6002471770901285 -0.9055208278787423 0.11195146850874359 2.654511365968114 0.6769218641255187 -0.47394189848895646 -0.4372469246511625 1.2567201881841865 -2.2220963644884604
-1.1408368731754088 0.6355400667375424 -0.9254166276992254 0.20028922452296494 2.552517793503611 0.671027273065368 -0.4689087543581745 -0.4296935877482591 1.209014933973078 -2.1837730137700637
-1.1190664145109226 0.6353114915782997 -0.9304571850656246 0.3406320777552154 2.3596028855054865 0.6796501600926037 -0.47896632372968784 -0.42115489871472905 1.1805315170129602 -2.1682518691153776
-1.0303662438801127 0.5664343896198378 -0.9137748512207015 0.5564253390401517 2.044739036465989 0.6948625039571252 -0.49635491799165776 -0.4142931082822083 1.1609397971100173 -2.1579649042138795
-0.9089139586911443 0.46306408616975436 -0.8867480990394617 0.8039534444307211 1.6792533563120142 0.7135300556106762 -0.5190440291453837 -0.4105430012666658 1.1419131074750433 -2.138966873228987
-0.8094063842735005 0.381404590052975 -0.8662189488176888 1.0178653845900119 1.365398067317471 0.7333799434714535 -0.545994793399162 -0.4118856616589485 1.11572677661491 -2.0970532656903442
-0.7369286928987422 0.32751821954677063 -0.831749230267491 1.1632122524242707 1.1017700635859162 0.7533984319770002 -0.5772222944358384 -0.42076702224473284 1.0787187559736524 -2.022252543937479
-0.6578908057565374 0.2567616479674213 -0.7825971476186705 1.25616710625685 0.8887001361784185 0.7741567440259011 -0.6142097919486489 -0.4370640914156853 1.0253430761950586 -1.9079546958496065
-0.5849076478822017 0.18258012014789018 -0.7409320936239281 1.3020889500931148 0.7569683038565825 0.7946728963827 -0.655267574781628 -0.46167950024061566 0.9548468854446026 -1.7541326417964895
-0.5302543847637377 0.12255689637052344 -0.6992815197643929 1.2900488811922095 0.692851730198735 0.8058646004533596 -0.6936854968770687 -0.5008329808449522 0.8381643096925269 -1.5168655935977697
-0.50107266411036 0.0876218262473909 -0.6654925045451554 1.237114202464923 0.6862555365111448 0.8171126293489459 -0.7422549404957675 -0.5611705770905755 0.6639496448329827 -1.1727423950137765
-0.47883262190095066 0.05916327303613675 -0.6240337413101573 1.1459729083922698 0.7030515315262093 0.8554981187895997 -0.8261277639423886 -0.6450182804664274 0.43677115657152044 -0.7414899231666164
-0.48209587120106223 0.06312709856994284 -0.5876105390338754 1.0302911997369606 0.7371087171675086 0.953543134306379 -0.9621403850415083 -0.7475937978863408 0.21249453705031093 -0.3377788299898532
-0.4852841340298962 0.07151274799223019 -0.5467768537820298 0.9225143440305326 0.745011656111585 1.144724867679076 -1.168537419207784 -0.8703080231539457 0.07075817866548387 -0.08144041124682966
-0.47681189995910495 0.06873647112841277 -0.5031816939165423 0.8351756456532871 0.7265169608841456 1.4609986322444797 -1.4681347259457378 -0.9926419584553496 0.06525407577029213 -0.083458204439946
-0.4578686586313632 0.05760683777875533 -0.45740066053355416 0.7834264873978652 0.6681185416925627 1.9069642838283323 -1.861885086912274 -1.095992736825723 0.24371050208008185 -0.41650995681833725
-0.43017294746838025 0.04585975204451817 -0.40334104851145575 0.7793413077331885 0.535691866219172 2.4143596025764653 -2.263167535563647 -1.1545673007274884 0.61872900852287 -1.1443185768713942
-0.4095323566296729 0.05100749659261538 -0.3450701902895024 0.8122576306622854 0.3467799183519278 2.9408465982586027 -2.625089498332063 -1.1262231356828705 1.1887971844117715 -2.3118804806470634
-0.39166599698908316 0.05589207158347433 -0.2859862355179168 0.864537544030899 0.15511754088781815 3.394327114992144 -2.89185256945934 -1.0226876862740253 1.8864127457538942 -3.695159094685365
-0.38565504858125327 0.06931673010394039 -0.227932605525974 0.9216116770304357 -0.02094730079344642 3.6882804348952374 -3.0121256262427165 -0.868522622250805 2.588793795491033 -5.021260950351534
-0.4002272091733049 0.09811571823095341 -0.17807316265163692 0.95947401822845 -0.1447803742327458 3.741271016267908 -2.933033855588343 -0.7039738008099148 3.1305529822337355 -5.989129005707193
-0.4227172863127777 0.1307661502191839 -0.131384515231516 0.9698445483778829 -0.22864043798288092 3.5700342609128306 -2.679189850764785 -0.5194981303237242 3.389587171632812 -6.511051999517037
-0.4417537701421145 0.15561137046238246 -0.09524101002255174 0.9625279167233611 -0.27566213753305213 3.2438353976511816 -2.321957202634977 -0.3874067135399849 3.375099306820196 -6.533604090344436
-0.45232192953113165 0.16475943567590906 -0.0655784190048196 0.9431970297457797 -0.2890622706858941 2.8719545060211638 -1.9719218685572653 -0.28192835944587674 3.1591750449664704 -6.197862260029391
-0.45922384372254005 0.17056785223769189 -0.04245643312834502 0.9249948506123238 -0.29812779724839156 2.521052947989214 -1.6776056679379974 -0.2160083220456452 2.8415853631132655 -5.6503124735063865
-0.46707606183986866 0.18006788464775533 -0.021710119536630358 0.9090733463247932 -0.31332912162259263 2.2040624188250533 -1.413632351827652 -0.16285159180872344 2.514204782698884 -5.112385795868606
-0.4729667135605522 0.18742019118320052 -0.000985323413610315 0.8930696017530854 -0.3287721416319993 1.9321658539034725 -1.193032453363646 -0.11896179825732811 2.195755955488317 -4.601543945293039
-0.47828025059353846 0.190583739964632 0.019075742358318288 0.8703918364589873 -0.327223860803897 1.6989818680442632 -1.013377951416799 -0.08166249817290822 1.8838544235655597 -4.102142004752559
-0.4822638543128203 0.19152060684795355 0.03847476286008244 0.8469331335810414 -0.32167579848249606 1.5084368955394962 -0.8756106015620582 -0.05583199953645473 1.5982592442296737 -3.634426877844248
-0.4844656620875102 0.19091939204090108 0.056131629578243136 0.8257688891574602 -0.3169731844333685 1.3653943151926353 -0.7799288452121751 -0.029752997912701182 1.3535452943794917 -3.241912097571854
-0.4837950672301272 0.1881911675485053 0.0720331484138325 0.8090090960583892 -0.3171456524099514 1.2587340715859618 -0.7138274893520757 -0.010179705800195123 1.1514132647869901 -2.915997544140079
-0.482018874545832 0.1847304615916163 0.0852904046387702 0.7949751601983307 -0.31776167629830865 1.1782680092219595 -0.6659106941182582 0.0028323110268420495 0.9898754692232058 -2.653619956750106
-0.47964641521033036 0.18050615735235553 0.0943318145611566 0.7835502563912425 -0.3149798702851734 1.1149292322466033 -0.6303039450219489 0.014758933665954549 0.8517694669751815 -2.4335716271115784
-0.4779491206494748 0.17654872242147604 0.09802427125437368 0.7742462045235358 -0.3057201844954215 1.0619599237529778 -0.6097404483128845 0.025171263026433743 0.7107615626694693 -2.200602721714921
-0.47932477345780344 0.17702217260691536 0.09600373905945384 0.7694767216371576 -0.29561092604169037 1.0225257983145672 -0.6122867835015297 0.04520135606000408 0.5486576392361039 -1.9395731956458613
-0.48458712965303735 0.18180732131942626 0.08666965381989347 0.7676481703429564 -0.2784544176178203 1.0005509851414727 -0.6348508567346177 0.0764428604893081 0.38583399184841455 -1.6914492672567107
-0.49526815642798333 0.19191445134889903 0.06898105328475172 0.7668390598864431 -0.2491041378595259 1.0051180380032994 -0.6883477142266103 0.1253405281247381 0.22407781759568135 -1.465403392485118
-0.5100708701639286 0.20363068602758255 0.04117096766312784 0.7639698277432778 -0.19644509399415144 1.0206947407269586 -0.7465318888795986 0.1905984141591348 0.07327310359103324 -1.2910706077353546
-0.5289492460931222 0.21856312949597298 0.006000014971940637 0.7619413626430921 -0.13141380938181602 1.036202763364178 -0.797888177799415 0.25656405395073995 -0.0676999960676822 -1.1436360980357565
-0.552897456295821 0.23806289943030737 -0.03631584520907527 0.7607062645277972 -0.05490266077452188 1.043688713208377 -0.8365622380858584 0.3047361757410587 -0.1910589461141335 -0.9994055242085536
-0.5833433223343936 0.26360856588502096 -0.08522303143387108 0.7580720233593651 0.03504114059170638 1.0635160832959822 -0.8864282724273173 0.34087525078910236 -0.2829768667633188 -0.880128249484747
-0.620229676737805 0.29392591072559 -0.1393326223780249 0.7486179702747888 0.14563871014904017 1.095023083866949 -0.9401741984670722 0.3665408437432023 -0.3216244978320636 -0.8290631623665936
-0.660264439921545 0.3245042476915632 -0.19729832562610827 0.7314183714964924 0.27806645084344794 1.1358724845227162 -1.0001997846075792 0.3789916664371737 -0.3167215615258933 -0.8197587765605299
-0.7054381452361582 0.3597903457953486 -0.25893279866004076 0.7109765142063253 0.42161185108251475 1.1622486089992714 -1.040834787486962 0.378544100697933 -0.2979733041120273 -0.8162229175360596
-0.7516374025453425 0.39469501098922766 -0.3237304483088585 0.6898242112301931 0.5738060546187502 1.190510825766637 -1.0836235973148214 0.38168472347174975 -0.28159358285470065 -0.8149945802363927
-0.8053944154953137 0.43747349627281373 -0.39485638152243513 0.6688144197411082 0.7356672046433941 1.237878511867642 -1.1517154646529344 0.3971454406443034 -0.2761488082703177 -0.8088359754337897
-0.8663671175851955 0.4881849412405655 -0.47213955930674406 0.650319065204929 0.903117642584317 1.303689932393283 -1.2437831494093265 0.42834808602847424 -0.28834865314837743 -0.7955442163661313
-0.9392689342518683 0.5528118158188277 -0.5579672400485894 0.636181589980675 1.0753509585128813 1.4033605914619753 -1.3806728802750912 0.4812765459687256 -0.3257662537864053 -0.7652015786551599
-1.0469812522595645 0.6622262673630472 -0.6680055076934128 0.6465773414012151 1.2368758567838443 1.5726038396515862 -1.6077529025946389 0.5790500248141811 -0.40863079252984724 -0.7110362381754431
-1.2033463724710531 0.834621626028163 -0.8094301785305222 0.6929973519567109 1.3765477537806385 1.8232728382328958 -1.9435689908138134 0.7264662784587747 -0.5600494426470559 -0.5984306304259716
-1.42282892181701 1.0886856389624813 -0.9904831829687974 0.7879563720843608 1.4831136656673323 2.14955304908549 -2.374484358542955 0.9325934837401413 -0.7878351803399846 -0.44533380548361967
-1.6837165043256308 1.3944427676974311 -1.1951373000503651 0.9063029567496205 1.5759986762734208 2.502024704693297 -2.8366613782570504 1.1498475365431826 -1.0216212618383524 -0.2886223338650418
-1.9970492559750126 1.7731142120764647 -1.4152649471811203 1.0580614365912568 1.611253654543256 2.8986901494181114 -3.3775390702910926 1.3506841484377659 -1.2961512727552644 0.013451116133165908
-2.3505101237020707 2.2044782089430655 -1.6533694128248935 1.221866384431998 1.6285299366161161 3.3040315233076174 -3.93113090201894 1.5474247712799052 -1.5512490883085857 0.3146574146544684
-2.688790279738045 2.6056997698113924 -1.9116394286721627 1.3939102073912548 1.689561609665808 3.6062030303670487 -4.328454128163923 1.7479853018333273 -1.7740998285308658 0.4759470682375684
-2.9768049849202054 2.951318812594491 -2.134734941605744 1.5642167780889613 1.7050025048228974 3.7532619900014903 -4.560096076573864 1.829810629097089 -1.9766547098710359 0.780188108312243
-3.2064870902970517 3.234148072506923 -2.3217934946324617 1.7169221253764109 1.6814190837049936 3.7729732160873115 -4.638884702903518 1.8417907267132838 -2.116721716566875 1.0771906457439235
-3.3285229129801803 3.3898813269177532 -2.4638270627515224 1.8397964529653787 1.6448656651925515 3.651240201482162 -4.533039518989657 1.7862850042769414 -2.1307128065490155 1.2478956684540177
-3.3475038625059117 3.4248892192922673 -2.5679821647292407 1.9458887652274446 1.5871422532468729 3.417960473707653 -4.279895805639604 1.6946459141746821 -2.0730499090237156 1.3249201692328147
-3.2474266959612437 3.322695840692657 -2.6029447508202708 1.9828787121625495 1.5289235466741382 3.0147929230892148 -3.8199184754076096 1.5279768861630618 -1.902434246459613 1.3303468353839911
-3.0193661341269986 3.071428531153364 -2.562461777995937 1.9288599308820087 1.4946987543973118 2.503331637552656 -3.229363439139829 1.3043471525355577 -1.6343556559579406 1.2734925065314593
-2.743193181650446 2.762495806811644 -2.5358191247342123 1.8704520901601203 1.475900146968545 2.0115712890072195 -2.6586544860454944 1.1344617690877472 -1.3923743193200846 1.191172763759785
-2.435968349233414 2.416401669776435 -2.4808734872955656 1.7847906264192706 1.4651532084251078 1.575533489781235 -2.1564770229153636 0.9686753044690736 -1.1630703766658035 1.12724771657164
-2.198354662303968 2.1475329631037634 -2.5127893989003582 1.7696760698785419 1.4642662091820897 1.218246597138202 -1.7439815907208278 0.8793459991899948 -0.9936782706814627 1.0573495530197845
-2.0113956790696146 1.936282344887847 -2.540502275191233 1.7636663945333304 1.4604141316558596 0.9048396312812641 -1.3834605510629723 0.7848295099346805 -0.8353908701042023 1.0017960032093338
-1.7947813042451644 1.6926016446183725 -2.4645508460526475 1.6915103990336426 1.4410782076931863 0.5772355073389734 -1.0118433671971916 0.5759433160899019 -0.61737793353925 0.9857312438243694
-1.3991671537697106 1.2524438667203004 -2.0617729651241974 1.392316589390944 1.3662202927399596 0.19555875061936667 -0.5839547748899278 0.19036688427913032 -0.3032120022534467 1.0219998122930336
-1.068207289347539 0.8843464354533006 -1.7140364497373513 1.1472700833311718 1.2936255624122952 -0.08770712269334609 -0.26696487830065047 -0.10234666887458117 -0.07895635870295346 1.0615498914267743
-0.9178979537472797 0.7169767032531802 -1.5999338572631199 1.0791834637671238 1.2539662915766854 -0.3070054261361101 -0.02081212411465659 -0.2913968525373253 0.07084899400602554 1.0863408691931233
-0.7873110539118957 0.5729328412082328 -1.4588385814879798 1.0015349617941334 1.2051177654212455 -0.46081895054383565 0.15231931487991668 -0.4218205284210208 0.1596388915572659 1.113666932042201
-0.7111318844950089 0.4888799073725123 -1.3851751512977633 0.9731235168596889 1.1693578332452779 -0.5542762230827536 0.257847767882366 -0.48973289248128465 0.19594440137095173 1.1362518669199182
-0.6690606247060701 0.44273433339329604 -1.3474762938780718 0.97045416537357 1.1411527068727292 -0.6131590554321639 0.3249954730385081 -0.5193587922228182 0.20485543907399456 1.1511334876115655
-0.6551386899593268 0.42791025539047867 -1.3409855203051388 0.9907149474715948 1.1184825635936495 -0.6470980555118923 0.3644350730575346 -0.5202179584193727 0.1934668381277789 1.1603704734087907
-0.655823723109 0.4292817878818748 -1.3505169314071188 1.0207894338229884 1.1004316137798211 -0.6662052309214705 0.3873737115888255 -0.504822463534179 0.17156725140530607 1.1656759953806373
-0.6660618467776693 0.4413705342004243 -1.367253180868034 1.0540739207728076 1.0855066727455638 -0.676306077873704 0.4001559108539388 -0.4824966203330746 0.14657343938058148 1.1682768895399094
-0.6777293871306542 0.45515138241059316 -1.3804343395352192 1.0810098241760597 1.0733009791784949 -0.6814873734058132 0.40722965072784334 -0.46044594889817747 0.12408794732475897 1.1692001117351283
-0.6803491481870619 0.45874626234988464 -1.3797210796180308 1.0921805907830242 1.0640917527206408 -0.6889679553792789 0.41677891788919535 -0.44561904140601816 0.11013306026286929 1.1684933578403711
-0.6822032458064136 0.46161104269617137 -1.3746015866477659 1.0971539967217177 1.0566017979520017 -0.6940190028132438 0.42341614701799035 -0.43208511673348565 0.09866541271455335 1.1669900033577667
-0.6916565155448957 0.47344141402050166 -1.3705943829025757 1.1010569837588722 1.049905634176109 -0.6927597715416397 0.4226782461307742 -0.41638204078319824 0.08653722655282692 1.165098217365328
-0.714333968000319 0.5005890422630542 -1.3748971641608516 1.1109582937470168 1.043273216290219 -0.6849053717923889 0.4143069717736535 -0.39654467283788164 0.0715596382061148 1.1630968109101563
-0.742994512062697 0.5348053287868751 -1.3798086616983194 1.1199581677066972 1.0369163998486868 -0.6746299034317308 0.4030782432272756 -0.37656018273179276 0.05724736615440536 1.1608605003790442
-0.7761354707418103 0.574453342701027 -1.3812230966247419 1.1249502484838747 1.0303797552273755 -0.6624645566563627 0.38955825599098404 -0.3584687697626032 0.044977496165441604 1.1587184961322452
-0.8123568445774303 0.6179152576608236 -1.378431480567152 1.1260396554151968 1.023303330584932 -0.6503451434940414 0.37599444534397447 -0.3430408724992189 0.03515916425198297 1.1566859050632363
-0.8466560565871196 0.6591414658806247 -1.3760249623288703 1.1266283832162802 1.0168727385947043 -0.641046538742913 0.3657296898307246 -0.3282577354661467 0.026135994397470254 1.1542762975539622
-0.8774566664489932 0.696349437778431 -1.3714026089577331 1.124685558150889 1.0109088343108883 -0.636002840849214 0.3604691551797006 -0.3135096026429972 0.017340296373388603 1.151314582935206
-0.8978313317311767 0.7216220680364198 -1.3572448801669996 1.1136484643733244 1.0057823166415707 -0.6400189785187579 0.36556943800849945 -0.3066602300943377 0.0161643633399057 1.1475242322920833
-0.9088995428690866 0.7357977627189131 -1.3462874468047408 1.106198968755412 1.001417831514764 -0.6538857144204658 0.3816102557993683 -0.31707633348017034 0.030894325943447043 1.143444993190844
-0.9107743936516272 0.7390146371772065 -1.3397570964764052 1.1053621747273301 0.9968348142166991 -0.6765566668139694 0.40751184551756897 -0.34139569190953967 0.05778199373672307 1.1393740214996213
-0.9099422513264658 0.7386202340205203 -1.3464608857607185 1.1189850181220358 0.9919032254910322 -0.7046978995079983 0.43964167154932665 -0.37001475427038827 0.08935171490440642 1.1345657111978174
-0.9080637285790077 0.736741534977663 -1.3592742981636807 1.139428344229462 0.9868688203210128 -0.7340069621030937 0.4730700254421026 -0.40087662578506983 0.1245551102282542 1.1289076925734596
-0.9042271300751238 0.7325010153560674 -1.3704257812899983 1.1600952653164944 0.9813040928169313 -0.7734410637929886 0.5180580930304985 -0.44420182807227715 0.1702068117572436 1.1230723306170063
-0.8993334773297846 0.7260983869736043 -1.4086482204094233 1.2076904502366224 0.9761785256100328 -0.8263747538064271 0.5794164383650252 -0.4713900494401765 0.19751783298688788 1.1168103756489263
-0.8967761195439791 0.7219830511294065 -1.4688192908614763 1.2755674378431539 0.971313729944552 -0.8856970952576031 0.6488514914309645 -0.47049353715727693 0.19723905376276354 1.1101292003249137
-0.8874440758074849 0.7096816065508806 -1.5388408150611799 1.3576907524772959 0.9645546345922885 -0.9510990244214613 0.7261407474848942 -0.4387812359755192 0.16051214069167058 1.106358765743453
-0.8583824498276192 0.6753583562967044 -1.5771610882247011 1.4109788665830205 0.9581051928057853 -1.015731227804804 0.8023610178076823 -0.393705186794046 0.10778622991357296 1.1052159312613314
-0.8272487291173158 0.6383833415982396 -1.6281807373038661 1.475345816866656 0.9523330056932542 -1.0700344749135813 0.8673187314719543 -0.30584776727005036 0.009240414137398642 1.1081125191816779
-0.7875999329565612 0.5919753186302628 -1.6746135879111352 1.5327982873871726 0.9479862487951052 -1.1152586811483733 0.921781339785942 -0.19038263245527884 -0.1151121352032038 1.1125053482985052
-0.7761332647398742 0.5780663013379281 -1.7395800404793507 1.6007119226895792 0.944592036918817 -1.1265262868721038 0.9370216807977099 -0.05070556773433251 -0.2571572637977578 1.1180197702286039
-0.7430506131932352 0.539655680785037 -1.7524312047348334 1.6133508475017446 0.9467373520413542 -1.1609135167918687 0.9784744446603457 0.03647053152151342 -0.34489943143368895 1.118692094555659
-0.7270819474520727 0.5213118013907858 -1.7299281300974403 1.592266601749677 0.9474157317701042 -1.1825503089583045 1.0049179833021513 0.08938926389363727 -0.40084007344999184 1.1207434252292277
-0.7460854499184667 0.5432547199128372 -1.703338908706379 1.5620276358946599 0.9479740718730056 -1.168075662994504 0.9896483419054342 0.13437421820554155 -0.443206512327698 1.1228384260422495
-0.7699618917186846 0.5706767774863771 -1.6851800762548674 1.5375672613749836 0.9497798614343558 -1.1444202416639502 0.9638706864326795 0.18167920547466423 -0.48450575855370376 1.1235729588313017
-0.7781256013252129 0.5800409589227034 -1.662096045765074 1.5101548268349732 0.9522338716575778 -1.1357628365677626 0.9553025612777848 0.22254551087018934 -0.5207646600423669 1.1233233667595397
-0.7889199781116698 0.5927609809773706 -1.6235036336099795 1.4699211279928261 0.9529320384501181 -1.127862655382238 0.9471883958828163 0.24410000459402678 -0.5408914310949586 1.1248073701664911
-0.8066991956603176 0.6139128800116899 -1.5591746235360056 1.405971360047039 0.9519416907671714 -1.1137025839710963 0.9313081455580389 0.22961476292140534 -0.5278570009004624 1.1284145353780892
-0.8099882223714524 0.6180826303351891 -1.4763899798562103 1.319892301518976 0.956089780053955 -1.1108151844129033 0.9285611371737149 0.18813464121109047 -0.4844872007482621 1.127455884526396
-0.803078156435405 0.6101111777513771 -1.3818932619105664 1.2210430645947026 0.9636803572256423 -1.1165717965967676 0.9360799960736234 0.12799448573254646 -0.4214362430542188 1.1231635874935222
-0.7971070605240509 0.603186024186965 -1.3057113321726572 1.1401581715342768 0.9708539226748809 -1.1238330859760932 0.9453695621944128 0.07627257222476072 -0.3663528289054611 1.1185232504007077
-0.7858719900092346 0.5900122651014366 -1.2400624588783382 1.0675365148908926 0.9801056788939814 -1.138850032225445 0.9637566242805817 0.026520754548932553 -0.31119150986569905 1.1113080529926231
-0.7804732013782961 0.5835572326500227 -1.193011394267248 1.0142112444261435 0.9876110746511206 -1.1495289934914301 0.9771843686564332 -0.013353308726250413 -0.266026224573323 1.1047676170582978
-0.7781040217032045 0.58081425007429 -1.1600185359182786 0.9774126502705353 0.9921765960210324 -1.1566520351437157 0.986422404782205 -0.04384551196111073 -0.23133123547809015 1.0997547800509646
-0.7874349657735681 0.5917726722730412 -1.140577678673902 0.9566940953463171 0.9928274676828015 -1.1545342393407159 0.9848893841077856 -0.06502632127887838 -0.20736210540274447 1.0972221178097483
-0.802703761542389 0.6093750250186857 -1.1117667106314495 0.9255835468108486 0.994365136362998 -1.145155096617381 0.9752659159117566 -0.09521725117448575 -0.17252608356897503 1.0931873412411088
-0.8186715059494442 0.6277310861148786 -1.0973351408967464 0.908942121091156 0.9953048382481304 -1.1361337733702308 0.9661202729098964 -0.11678015482490782 -0.14619252229151572 1.0891180348075327
-0.8258692513729563 0.636351455885314 -1.0941321092108318 0.906373160712356 0.9941028131688352 -1.1339369216961943 0.9645794768919537 -0.12939929218276083 -0.13072239282329165 1.086356027595608
-0.8339132731464737 0.6459335376406625 -1.0909715606587105 0.9038127250975523 0.9928606002131812 -1.1314145633410728 0.9626689905111369 -0.14070127212438233 -0.11656577078036104 1.0835851265869942
-0.8435528821392797 0.6572691785206956 -1.0908476215798606 0.9035015518827835 0.9919833642929332 -1.128750138484261 0.9605914394168269 -0.14937009851766964 -0.1050754855534277 1.0808931326438662
-0.8528426064738428 0.6681493097588573 -1.0884826249596813 0.9006490488052439 0.9915521291169702 -1.1266328828285055 0.9590971354106717 -0.15534977543039002 -0.0965463228230121 1.0784589435477356
-0.8603907981608467 0.6769389734440541 -1.0844231552200219 0.8953442319880458 0.9920399978382298 -1.124805069738764 0.9578557918243614 -0.15963807361459764 -0.09030334015885993 1.0765428769697163
-0.8669797987886715 0.6845980916548188 -1.0796732403754317 0.8890544913836638 0.9929148598514786 -1.1234778054416663 0.9571305488654728 -0.162738854586552 -0.08566680034339628 1.0749573479617478
-0.8722348643008226 0.6907331587201762 -1.0748551412563943 0.8826428343447343 0.9939571607307125 -1.1224137844668418 0.956661213100973 -0.16502073311073442 -0.0821735890110099 1.0736303478987694
-0.8770967210775632 0.6964276662499069 -1.070311873388195 0.876509286673798 0.9950121280673967 -1.1219483465619446 0.9568326401898698 -0.16679880356294177 -0.07948360264205113 1.0725033533814197
-0.881921432235618 0.7020683953276609 -1.0654433875982134 0.8699506972260966 0.9961794219879541 -1.1220926661913475 0.9576529700698335 -0.16826009222789653 -0.07741892659974055 1.0715816934083942
-0.8865207964794383 0.7074594488027629 -1.0606449065164738 0.8635172091694299 0.997312278242263 -1.1220567415223786 0.9582606951928183 -0.17017283630105315 -0.07488357275123735 1.0705947555954036
-0.8903309553122896 0.7119948742034106 -1.0564656506713161 0.8580251150055134 0.9981826054708217 -1.1212288629730423 0.9580043203753071 -0.1726725363441512 -0.0713529752560342 1.0692426520455984
-0.893613414267549 0.7159667826340537 -1.052932752722614 0.8534341287583146 0.9988223692478111 -1.120421737740152 0.9577838127898188 -0.1758855778926064 -0.06695409177346755 1.0676804076833077
-0.8961710141689688 0.7191691061374728 -1.0493543882706826 0.8492556836239846 0.9991098193051446 -1.118878290187542 0.9567961846765889 -0.17771180537369888 -0.06312266350535771 1.0655238219367669
-0.8976655615484034 0.7212275689462213 -1.0453191403560185 0.8451600991752295 0.9990170775240375 -1.116480506255055 0.9548541253160446 -0.1781233683659139 -0.060422737659897106 1.0632541406632985
-0.8968739844947905 0.7208106550238895 -1.0419521913060958 0.8427417006223205 0.9981408152358224 -1.1127220905040087 0.9514068077898241 -0.18029741875155283 -0.05549216029235578 1.0605490338993482
-0.8951804049020893 0.7194805911833139 -1.0394411457878177 0.8420863799794418 0.9964561972040886 -1.1097523071023179 0.9488822067061364 -0.18330909559013198 -0.049336403554712076 1.0573853245209714
-0.8926774516439852 0.7173195034971795 -1.0375852093847062 0.8428028430129442 0.9941386085692254 -1.1080897627915949 0.9477910431800368 -0.188878565887847 -0.04098704425940535 1.0542832318209914
-0.8879517194852907 0.7127016004273833 -1.0323209985906427 0.8409430993214914 0.9914774487001915 -1.1049687916300952 0.9449738585699075 -0.1912541401227328 -0.03587938141125003 1.0515825970410875
-0.8834820122434104 0.7083777449510793 -1.0266380392103753 0.8388930277244449 0.988637258634482 -1.1011864580232429 0.9413110182992777 -0.18870509718890474 -0.035739273002505366 1.0493521711816152
-0.8802394814626199 0.7053579131024368 -1.0229273484636168 0.8381662612541014 0.9861716771927789 -1.1003304518413746 0.9407841268606831 -0.1867219883363581 -0.036163410353557 1.0479230866022458
-0.8776155627615683 0.7028898346485803 -1.0194343035100828 0.8368319313939423 0.9844318527578388 -1.1008173700117472 0.9416104222897824 -0.18565336618298475 -0.03672642123536163 1.0473179878799361
-0.8751161635194518 0.7004179741283212 -1.013894364572408 0.8327597624638475 0.9834850940510427 -1.101517451522491 0.9425790953904338 -0.18372084884391524 -0.03864965738589934 1.0472293086344426
-0.8738285692451905 0.6992312081610249 -1.0088906643245108 0.828609525542912 0.982981334676898 -1.1027752025570816 0.9441036117031314 -0.18201078206023572 -0.040822150585547126 1.047527150990036
-0.8747470578964223 0.700414042116945 -1.0074429460961087 0.8269229233238489 0.9830760645676526 -1.105162747411492 0.9468292319722839 -0.18196918284608046 -0.04191050168924358 1.0481724793115574
-0.8763940677991928 0.7023592594854271 -1.0067933190313292 0.825576854112038 0.98348631437259 -1.1081681029711103 0.95017923203073 -0.18166470537142687 -0.04367944915350941 1.049187847173391
-0.8781310583251902 0.7043665478865486 -1.005643974395185 0.8235204459069053 0.9841231113089326 -1.111326220188447 0.9536589039000726 -0.1809923348206871 -0.046017181770030634 1.0504121302958218
-0.8800768281617934 0.7065765631061206 -1.003917383704633 0.8207288588568292 0.9849358151007492 -1.1145048782819418 0.9571390758596894 -0.18009788170549454 -0.04865508095232995 1.0517303552076351
-0.8820150506846753 0.7087693433394133 -1.0020986292866678 0.817812538501722 0.9857883019615492 -1.117616910716809 0.9605327943377063 -0.17924382176663436 -0.0512760553676918 1.0530792271576115
-0.883883830961397 0.710882640685098 -1.0003343938469003 0.8149566757789126 0.9866384405656283 -1.1206071480475142 0.9637830178756006 -0.17845591740700956 -0.05382400223503805 1.0544323882333717
-0.8856786966725695 0.7129115817042383 -0.998603976350063 0.8121433101653494 0.9874854856023794 -1.1234791120718581 0.9668937196542823 -0.17775439532164994 -0.056282750908245055 1.055791570519911
-0.8874019542520183 0.7148581306674106 -0.9969209635071462 0.8093805170533983 0.9883334000255324 -1.1262357064706747 0.9698695215955144 -0.17711680829242124 -0.0586661304039932 1.0571499825746749
-0.8890589888630234 0.716728850598962 -0.995287811383932 0.8066740681851673 0.9891785900499277 -1.1288710470837264 0.9727037195536681 -0.1765416993519319 -0.06097847337860444 1.0585104767109061
-0.8906541671845057 0.7185280723114376 -0.993705036697146 0.8040204865782975 0.9900244364820459 -1.1313858339377092 0.9753979781537819 -0.17603176575818605 -0.06321348765674793 1.0598692013312832
-0.8921768889162812 0.7202445414381642 -0.9921547629401235 0.801407128141902 0.9908680062314492 -1.133789127285624 0.9779624752375047 -0.1755875421390649 -0.06537266296474292 1.0612271751034048
-0.893654007205533 0.7219075074610801 -0.9906804895379699 0.7988683257624623 0.9917129779977334 -1.13606687946038 0.980382517725562 -0.17518438294701139 -0.06747385181738935 1.0625804897632973
-0.895064276863192 0.7234932398137316 -0.9892507962813035 0.7963762330000681 0.9925597078072849 -1.1382375267322409 0.9826791242129855 -0.17484050292565753 -0.06950077063890595 1.0639280585297795
-0.8964193107868745 0.7250154253572694 -0.987871635442227 0.793939366257841 0.9934044820195618 -1.1402886445188491 0.9848381889801886 -0.1745431712336686 -0.0714666262176167 1.0652720034390817
-0.8977237542902611 0.7264787703020242 -0.9865500624193079 0.7915612366288952 0.994249843092261 -1.1422273948875958 0.9868684859589203 -0.17429134633324908 -0.07337020893643842 1.0666094859087076
-0.8989745217456513 0.72787977179431 -0.9852963178069832 0.7892514603975705 0.9950958716664824 -1.1440561904296958 0.9887730226788735 -0.17406880490981855 -0.07522665026775174 1.067940237118687
-0.9001751284536351 0.7292222293118621 -0.9840892321501207 0.7869887669285642 0.9959438800347524 -1.1457762508458738 0.9905537455516094 -0.1738940188785318 -0.07701639615299843 1.0692615985348002
-0.9013280341685158 0.7305095068248524 -0.9829452937922635 0.7847918486634878 0.9967903916634322 -1.1473919936500374 0.9922153014655078 -0.17375178047453751 -0.07875705525175042 1.0705764627714185
-0.9024362163382673 0.7317444091533677 -0.9818547000583527 0.7826488996926416 0.9976379034760037 -1.1489007327297327 0.9937552577700242 -0.17364536817923143 -0.08044366939947586 1.0718829051497472
-0.9034908124695082 0.7329174061509909 -0.9808110550495716 0.7805553966033056 0.9984855231581862 -1.1503159094849589 0.9951888975517258 -0.17357811350225089 -0.08207291630186897 1.0731796964242664
-0.9045004457123416 0.7340379776967995 -0.9798259981005862 0.7785216179348706 0.9993332351352175 -1.1516316359045262 0.9965098673990761 -0.17353644313186561 -0.08365771937429015 1.0744673203193584
-0.905469399549082 0.7351109900026275 -0.9788948340472846 0.7765428579190322 1.000181015967758 -1.1528507762593962 0.9977214636746621 -0.1735252598177744 -0.08519371080160999 1.0757456212935412
-0.9063909171900332 0.7361289086615914 -0.9780158988333504 0.7746178834877044 1.0010290106866782 -1.153981156182272 0.9988328506402127 -0.17354154641631314 -0.0866828616638354 1.0770131135604644
