17100
25
486.8237867343117
493.7602203165759
492.37881735704326
490.05376857175554
490.65307614637163
492.0945953811851
489.47398304601654
486.0773466405976
492.27874176581923
483.9604134107998
488.2800323871267
486.94566910917894
492.8110493502169
488.9144340774877
493.0883150756829
496.3326741155915
489.0301950344323
496.02847758765296
490.23201450531235
494.6358244891194
495.66435962722716
488.7852693041038
485.0870329725902
488.20159941635507
483.2450888595612
44100
25
517.4562337119669
511.08225996589465
505.73101401793866
507.6547844440877
508.22961699466754
516.8506280409791
513.2343506333153
517.4288519139554
516.9272917524986
511.22997663755376
510.3793873079537
511.09211324228636
516.0192407661742
508.482122442703
520.6037788017059
510.94704078247895
522.3628246145806
521.7283301532318
516.7720000802598
517.8868023995385
516.2388692158602
520.3547225652048
514.886172828243
516.5618021083231
520.4566546607296
