19600
25
-1921.856322134423
-2077.2785328605873
-1831.3553166214547
-2152.145114957089
-2534.6990163293817
-1846.3048702747878
-2408.5016749464253
-2091.455955783537
-1936.0748442115619
-2167.5058517663683
-1975.5402843493105
-1761.361050508451
-1740.1746531490696
-2179.1065430668505
-1811.0478301708363
-1981.5385384962995
-1859.5184552111716
-2012.4501434077308
-1980.261956888923
-1941.4715199732611
-2106.494528260994
-2401.242938869777
-2120.1669282133917
-1994.9428686954584
-2164.3499095760967
42400
25
-1175.718221322836
-1128.488194256776
-1094.9386875468035
-1143.4824557258867
-1137.827876908138
-1135.1384965532354
-1156.5321786105274
-1133.0014507019841
-1108.933108757961
-1075.8991218381175
-1133.0769128517431
-1122.7721152481845
-1093.382289606716
-1151.6515683989273
-1134.7916555065224
-1112.0663310214957
-1110.4530298807474
-1107.1129982496925
-1102.8342386253169
-1082.8498425555183
-1148.8985058211824
-1150.8235186701665
-1134.440185456431
-1130.47513895947
-1092.9955152610785
74800
25
-954.1440239635459
-975.153697940964
-868.2775961158719
-977.7327475155881
-888.201340846487
-938.3303937983065
-973.0513066191328
-962.0699871719129
-992.6339583838625
-955.4217787102366
-893.9683769966375
-914.1815199887368
-905.7177393322379
-898.170416845389
-893.7005067667036
-936.5330018137136
-899.5387447474029
-991.6468549019554
-935.3543625307999
-946.6752933897378
-940.3513277265135
-943.2261005619847
-966.9829858871474
-946.5485252872875
-930.4155641839925
