15200
25
-0.3116784186154392
-0.30820104961476424
-0.34836232763530717
-0.35135684092467034
-0.34333468221534463
-0.7964988908628923
-0.6337202141413946
-0.6956493823140224
-0.8007681455086751
-0.3076855383918769
-0.9444904390248807
-0.3386711751422022
-0.3093304836358826
-0.7138901478747478
-0.339209242233511
-0.3160097552635288
-0.36578531126394714
-0.49374785431153984
-0.9095305046349381
-0.30816381103606233
-0.7769987360763336
-0.34402497407714033
-0.5999209468172417
-0.32813305989825875
-0.31476003608532455
27200
25
-0.5680229645804307
-0.5719879967722927
-0.8697692045091919
-0.689245530707017
-0.8352865171126791
-0.6234243046912868
-0.5679955973297945
-0.5523235276651044
-0.6027303919027531
-0.6029106806695106
-0.628599273737169
-0.7091987966096842
-0.5523053945406112
-0.7107479268139152
-0.5838419518886145
-0.8203380735540295
-0.7876163501480016
-0.5671556448594954
-0.8586390853205133
-0.6778381128382357
-0.7430857074056495
-0.5581806409434458
-0.8041052818237616
-0.576604038983547
-0.696679435636084
35200
25
-0.43445948329848894
-0.4504148377954643
-0.3291017213605672
-0.3265605085418128
-0.3437029711758946
-0.34395863225130296
-0.5241459113201714
-0.33437557805126705
-0.44906551409147405
-0.32663136019265837
-0.34528163694671526
-0.5178564092562362
-0.3475589464859275
-0.32721896592817734
-0.24782841788682866
-0.3606986873137596
-0.3363386332699723
-0.5105161701856515
-0.3462533198968582
-0.444927916105508
-0.3493494278494245
-0.49714296784171463
-0.3288758750009825
-0.33278960927699597
-0.3275463231739619
