23000
25
-105.39065653329236
-103.85585417591058
-103.93124977424037
-109.57288827768322
-106.28542317492281
-104.35086914365928
-103.28650295762833
-104.89006485792184
-104.33703510208119
-104.1329459741617
-106.53274673527388
-103.47924455193602
-107.14181563546549
-104.22322453523148
-102.94159130823387
-105.47942845551356
-103.15360429021626
-104.41107263304065
-105.70362693239218
-104.17729631304196
-102.8891616229615
-103.34684271361729
-104.1015862713088
-104.96337067615332
-103.62550859221477
