-22.04865826898015 -8.267805646547838 0.2503303546924072
-10.81725672666929 -0.042145666433206636 0.1170413883245751
-3.164994386179733 -0.12181124839029901 0.0358322950603398
-2.358579938593216 -0.9441102097714714 0.0238823798136226
-2.1403718311143693 -1.1568844964146041 0.018211862537007906
-1.8646199605483957 -1.1075984161668315 0.01279610719472243
-1.655967583272846 -1.0245615288630077 0.009044293916469853
-1.6140568449288777 -0.9996718808009474 0.007852216183268979
-1.5918452591165806 -0.9814361692956517 0.00722063729522358
-1.5662596839661693 -0.9638888952378902 0.0067333003344116835
-1.5343164357368266 -0.9468814222868265 0.006258229832982024
-1.4990157229742807 -0.9308051404507481 0.005811040854414886
-1.4479018438172775 -0.9080871616019465 0.005201429495652367
-1.3943135059118554 -0.8847498663626148 0.004583518624811045
-1.3233240325000952 -0.8560260967920051 0.00379650915822417
-1.2023748672467895 -0.8084430834845114 0.0024093786841484083
-1.083913923049718 -0.7657096837653724 0.0010614331363083679
-0.978492049260396 -0.7319266853662243 -9.271727392974952e-05
-0.8803486922665431 -0.7049511234728483 -0.0011087378605508305
-0.7668367699234627 -0.6789764514287345 -0.002235802849569063
-0.6594675326903631 -0.6559090192177305 -0.0032913506709459084
-0.5640880682005764 -0.6306920651387137 -0.004254701144122209
-0.43807078168163244 -0.5965312629272761 -0.005545333022416294
-0.280273893328949 -0.557035700975521 -0.007157806940723607
-0.0965494805027135 -0.5209294602250534 -0.008989510966236403
0.06568351861496709 -0.504194303043618 -0.01052827409792324
0.13000058677882526 -0.5096611223717972 -0.01108052050215182
0.15366937008987808 -0.515993472659414 -0.01126635960612226
0.16493824245023583 -0.5196200192250284 -0.011352667575249206
0.17073998723249262 -0.5213579854906466 -0.011393809809764077
0.17390550162374957 -0.5225996818290392 -0.011411539139994598
0.1756347163740196 -0.5233218776302556 -0.011417430064367488
0.17656827037511919 -0.5233743908639644 -0.01141624205373851
0.17739083126070235 -0.5242110495622041 -0.011411130357360206
0.17875979994604177 -0.527199265336749 -0.011406523067330664
0.18123254715373918 -0.5336202850016009 -0.011403633573843889
0.1840504357552245 -0.5413009405168784 -0.011402534704273007
0.18458151533655645 -0.542803063320311 -0.011396764468017188
0.18344456354466346 -0.539514108497906 -0.011386011837328812
0.18129733917941424 -0.5332434204130141 -0.011370959882502439
0.17847923763204807 -0.5249950154732042 -0.01135239533642331
0.17511285812507493 -0.5151497249439448 -0.011330663330911966
0.1713317800711854 -0.5041109616986755 -0.01130504248358929
0.167219340988921 -0.4921233881281896 -0.011274714367772982
0.16279474785581574 -0.4792486373626504 -0.011239851192584093
0.1581840620202125 -0.4658590907099484 -0.011201202926652953
0.15343552863113144 -0.4520868902343821 -0.011159288490579487
0.14853146978439785 -0.4378685550814104 -0.011114124048181904
0.143481546532611 -0.4232223811625893 -0.011065803654079864
0.13830422900710243 -0.40819871547554926 -0.011014611945779218
0.1330370783527964 -0.3928975943103286 -0.010960518457490517
0.12771727350646794 -0.3774270748147074 -0.010904109041739106
0.12241253736361093 -0.3619930292490903 -0.010846786691987687
0.11714941333912929 -0.346654460743131 -0.01078811719020593
0.11193604879132693 -0.3314219694957835 -0.010727737187795782
0.10682133072231878 -0.3164405865011105 -0.010666266720546862
0.10186658379687938 -0.301896482894752 -0.010604821170730423
0.09705688181357768 -0.28773814938426845 -0.010543127135140629
0.09244041766605632 -0.27411279955824436 -0.01048194494600539
0.08807732724701374 -0.2612032448241675 -0.010422274875018263
0.08403820374754188 -0.24921899067896972 -0.01036520085063104
0.08036631424519128 -0.23828115803481614 -0.01031142774387666
0.07689238410642212 -0.22786646210570233 -0.010259016117052891
0.07343383002461398 -0.21743079973041 -0.010205790686894853
0.07011132076235291 -0.20736992365060017 -0.01015331463024812
0.06699389995014653 -0.19791153597338407 -0.010102606076940796
0.06411302416177375 -0.18916099192787159 -0.010054203697282967
0.061475511099168344 -0.18114399343835205 -0.010008386393354059
0.05907752289141713 -0.17385158494129888 -0.009965275046993079
0.056909825903775045 -0.16725716107260857 -0.009924867457298073
0.05495778757250921 -0.16131702471320705 -0.009887119734672862
0.053210058583053825 -0.15599728919156156 -0.009851996821867938
0.051646290037942875 -0.1512360981780266 -0.009819333149765788
0.05025470303923084 -0.14699816566644466 -0.009789043917854512
0.0490203193909167 -0.14323794800178316 -0.009760999377809094
0.04792714614591404 -0.13990678718485963 -0.00973506466802004
0.04696058882814743 -0.13696045621993141 -0.009711118423233505
0.04610915465957864 -0.13436416816664531 -0.009688970891791049
0.045361603744996336 -0.13208383876213758 -0.009668565465932373
0.044705475032273304 -0.1300815074310559 -0.009649742875278927
0.0441315678559664 -0.128329333248911 -0.00963240347248922
0.043631849281380336 -0.12680287658068096 -0.009616419430484453
0.04319472373200829 -0.12546677174479762 -0.009601655148277037
0.042817030481564045 -0.12431170785346454 -0.00958808128184456
0.04248811760093487 -0.12330502127389752 -0.009575533025669308
0.04220443885110042 -0.12243619898036198 -0.009563988271011016
0.041959916429325304 -0.12168664276397284 -0.00955330994605559
0.04175018743805116 -0.12104315188817905 -0.009543490184883803
0.04157070278645468 -0.12049180722067143 -0.009534407449397785
0.04141680253883583 -0.12001845924964566 -0.009526008996854332
0.041287073597792955 -0.11961892205024785 -0.009518271511444925
0.041176956664092795 -0.1192791768976111 -0.00951110273310489
0.04108423082843246 -0.1189925500519635 -0.00950447398662724
0.04100680785271562 -0.11875271465506029 -0.009498355458030423
0.040943005661618355 -0.11855451288658468 -0.009492678031889497
0.040890500829252975 -0.1183908386912372 -0.009487413794290496
0.04084754264773002 -0.11825639307010805 -0.009482538566046054
0.040813754460845335 -0.11815005045574659 -0.009478018489634712
0.04078680871224081 -0.11806465690533541 -0.009473825292076255
0.04076635664840059 -0.11799918313522813 -0.00946991564529446
