24600
25
506.8052839717256
511.62815595424837
503.7778790499888
509.94722152755617
495.51554347891175
513.1513579107097
499.4106505856472
500.0351316719962
508.3734276854743
496.93981126442566
504.4265796742702
509.0188339693866
505.6983037955909
508.6973616567159
497.25347908768464
499.7308872204087
499.80894370716226
493.27757833235927
494.15210502118896
507.01983660018544
507.41202267690926
513.5761964147863
503.4576122618074
495.17848438168863
501.4720954208508
42600
25
519.3613032460951
527.3784935342059
524.9313714270269
512.7254327224655
523.7381425440977
525.2318260591079
521.2883185227627
517.9808330156197
520.6573380943785
511.69532416429666
525.0601172796893
522.7020669255495
529.943667654951
510.10922871606033
520.413245246106
526.204907737179
525.7593889291854
516.4151606154214
523.3656543681188
516.4188554384052
518.8609207524308
513.0077160894251
515.2927088383642
521.1344837512288
517.6368138388344
