-0.5230810417573329 0.10435083737754802 -0.047062807418535565 0.10289088044330652 0.9646216905551355 -0.028343462113373356 0.1296094831108217 -0.04059697237193185 -0.16967452950459166 0.9197747917418724
-0.5218098431812225 0.09738863982581197 -0.021999644290186707 0.11028893045085579 0.9613319942072446 -0.027869369344068036 0.14331169045329145 -0.06699943032055863 -0.19155012268287563 0.9259812705579684
-0.5199570549761052 0.08974331442411272 0.0036713399355016016 0.11899285255283337 0.9561009845344612 -0.02902329593280825 0.16235187892321937 -0.10099824498571573 -0.2199922934258817 0.9335724960762658
-0.5174606757509732 0.08142132784901518 0.02988463956645705 0.12900861353903492 0.9487679762054536 -0.028142241642693563 0.18366641083718088 -0.14534570314068412 -0.25428206710670787 0.9429870891683915
-0.5143022693212735 0.07233154637104007 0.05656741852983068 0.14056188414923074 0.9391646334854558 -0.025690775706501297 0.20354845625625714 -0.19364690891140776 -0.28974814397584386 0.954315451089656
-0.5104613954368563 0.06242059457467943 0.08362386901496799 0.15382120967986976 0.9271284657543272 -0.01908950540110556 0.20288878826591883 -0.21354264476650997 -0.2981178802838265 0.957213325063822
-0.5059468664179662 0.0517710504302271 0.1107433479545962 0.16875761341637854 0.912591162722211 -0.011412274637415768 0.17838769597447557 -0.1958676503984912 -0.26744635763680363 0.9434970221628632
-0.501116545606233 0.04205984666620746 0.13372672700351027 0.18263018587324378 0.8970646579362274 -0.004636283198399268 0.15586537380656856 -0.16176350898972636 -0.23801553717603383 0.9231224817741497
-0.4971612640195717 0.03611294979268503 0.14313316934638134 0.19061769352849192 0.884717438729858 0.0037653809678508316 0.14354285250391943 -0.1425283882598175 -0.22694934659246407 0.9082614506372959
-0.4980218439199713 0.035679706954258004 0.13053856451109797 0.19349393111625587 0.8795159551410139 0.012391423683865034 0.14348577696359746 -0.14628678467859993 -0.23882037135116396 0.9048221841060758
-0.5006105948370833 0.03258904252924621 0.10454018629679958 0.2018980750036847 0.8760470673438815 0.018885739129189266 0.15516471622792827 -0.16893658107386103 -0.2706925872896426 0.9130858635803294
-0.5025178543659649 0.021930473583158902 0.0801061328433268 0.22546970392868346 0.8651600414729421 0.023027276871389626 0.1673636623515386 -0.21391532451307013 -0.30133501360631554 0.9284647732394604
-0.5023493173255243 0.010778803278267707 0.05839672271653527 0.24875703581877642 0.8514045115328067 0.02512140693831957 0.1771886459905709 -0.2794089265956618 -0.32715483518550115 0.950281442192402
-0.5058155311139788 -0.00019262564993663284 0.02448090087700909 0.2759736635152758 0.8402787358281469 0.02122847918376518 0.1841050457907986 -0.39038466545779454 -0.346080286960473 0.9905783747761587
-0.5171588012228793 -0.0034802082469660217 -0.018525438125708487 0.3004972861052346 0.8344390037078416 0.007733540021351947 0.19083351321104 -0.5437628225903053 -0.3588317453760601 1.049868976510798
-0.5293433210826136 0.0008626061460491609 -0.043161355778361825 0.32112449568764245 0.8197820399866946 -0.011150060509098102 0.19378577348388612 -0.7041449563624912 -0.3576073061382057 1.107306845418538
-0.5385524944900126 0.02360615908006367 -0.029198890186855522 0.31720003834112326 0.7941862486407041 -0.01626368535830954 0.17241376683273285 -0.806350417432649 -0.3093938256745228 1.107456936255923
-0.5523413465332669 0.07117803792256157 -0.014794000040328213 0.2722348806608446 0.7913397390795515 0.024832516131687618 0.10401416964784199 -0.7955798141395352 -0.19162383474205177 0.9988685644735997
-0.5797450041143563 0.12324242521728221 -0.04551946546667047 0.2168073982153864 0.8310041496861537 0.07114014952483923 0.04250320736108024 -0.7579193170807279 -0.07739971081200728 0.8666555068641822
-0.6405489354262414 0.14844518707687845 -0.17458519780851592 0.22284161033022098 0.9218992222279035 0.10904670284735933 -0.020380355753270584 -0.7375132643396707 0.04817493559569913 0.7420320660937456
-0.7216388019563297 0.14413169147438726 -0.3752008193992843 0.2858839099606714 1.0497917051209158 0.14107526463894743 -0.07038403590440145 -0.716831675331345 0.14854788472437594 0.6360818346791189
-0.8236320419137106 0.11897422147226645 -0.6222684186478123 0.3968577468347481 1.2025058275141145 0.1664153701462551 -0.11504671744708149 -0.6764702290536593 0.24413397081943342 0.5224350974137214
-0.9496563402058404 0.09274300766479243 -0.9004980234489613 0.527055643367244 1.3811518144371515 0.19096917926365678 -0.1504935704768517 -0.601805283106415 0.3315149823370145 0.3857878887068466
-1.1116367703148717 0.06976509938458664 -1.2363921189265288 0.6652856496826451 1.6176217650217926 0.15287436788449288 -0.11648195640891153 -0.5822125701800347 0.34167965461849686 0.3441046166476839
-1.2887505848960013 0.10469271285767014 -1.6223072969497534 0.688996040418297 1.9572748796029735 0.05072835372849425 -0.06829864734538411 -0.6211145759072734 0.3722938368008983 0.36687548368918477
-1.4670222826200334 0.15575251097417175 -2.0025279838691237 0.7010920892479927 2.2949465535635483 -0.1171579438591518 -0.03646132553486209 -0.7367964605806702 0.45950689441525194 0.46321054815185525
-1.5970124604268248 0.2345023958556349 -2.3614206500645984 0.6267125320925481 2.62953044259851 -0.340723495266528 0.009802614113170493 -0.8558580017148748 0.5458303492208851 0.5850293014113044
-1.6485622399438722 0.2784806128566465 -2.6331043583604217 0.5815919661494994 2.8415038487241606 -0.5541251809348545 0.0819184874349546 -0.7579688254932768 0.5575948705433703 0.5409237232139618
-1.5686935865337297 0.2797414226432495 -2.538219857764333 0.5439748467410759 2.663674216933714 -0.654464910528308 0.171453165442932 -0.12432858759896667 0.4421481515126198 0.01514309237856809
-1.316961736854189 0.2618826622422042 -1.9144494052359233 0.42201607857069356 1.9684029146652378 -0.5226287102348437 0.23796989485494335 1.1187688502776045 0.2070922773006595 -1.1213719337068648
-1.0065585468705873 0.24735989109568227 -1.1979317034465666 0.24510817635768106 1.186169683013196 -0.2609406730673425 0.23174116211683618 2.1630255056769188 0.04732600485276186 -2.1753252557687865
-0.7298315663299978 0.23734291943906077 -0.7496678074699076 0.07854379534411825 0.6590785650518711 0.050452356132241305 0.17989215434022557 2.900947646182062 -0.044149056972591104 -3.0067998330276993
-0.5627008495849244 0.2463868266726953 -0.6272207212150934 -0.05531988555281775 0.47055910872845413 0.35141514348711556 0.11093665626567376 3.365004581126682 -0.09258350351865528 -3.601781827092586
-0.4997622547643201 0.2793158878563815 -0.7137174003972411 -0.1698950546407129 0.5194425626687316 0.5844507480794883 0.05025925724737766 3.5596470029538003 -0.11272179260083319 -3.9312740666585397
-0.5149257458399934 0.3442956413916913 -0.8171104929469689 -0.30152954524114695 0.6344760251508357 0.7745369478578373 0.0008291724431471128 3.6437865910130447 -0.12976700247889156 -4.139214782483592
-0.5258590670814829 0.4244349634821314 -0.685700611526962 -0.4733000164081103 0.5647475760118508 0.9280363286074197 -0.03890299104033433 3.6583202473162477 -0.14367635106298296 -4.265295667805475
-0.5208076768331408 0.5020265145997831 -0.33472973089992775 -0.6545314992631358 0.31394368106505 1.0557465351058435 -0.07210376221281 3.639893841960523 -0.15444831490429162 -4.348928902247886
-0.4590438808416289 0.5563578699756185 0.2276928126597449 -0.828902560854645 -0.13795197841272297 1.1695823354820254 -0.10774927373355928 3.6180058698276647 -0.1504837906685722 -4.423455562075739
-0.32275760387839764 0.577722924106333 1.0054736210246893 -0.9874154975489694 -0.8053669222703816 1.2667186850417986 -0.15354416376462093 3.547536766059481 -0.11144844606766798 -4.4542701608189805
-0.15707920733861838 0.5577042087192192 1.6958683676773778 -1.0743054057146486 -1.4298449591618954 1.36385434290703 -0.21504092876413453 3.4494723737602553 -0.0368997262343198 -4.468939338210497
-0.022333742898685522 0.5031761106980722 2.0976146623123126 -1.0583744538837523 -1.8201050836012564 1.440348158951609 -0.28471365726984094 3.270663589724738 0.07144353265518338 -4.410513047768673
0.1421691886990536 0.39194003339928896 2.403749276239558 -0.9369725376397633 -2.1642223003183956 1.4971418631707893 -0.3499367169415172 3.075764922835705 0.18360666411517365 -4.3252702973873705
0.33907571563666683 0.1820506298668758 2.6395746308902073 -0.62159594219412 -2.4805670387604373 1.5064407883717315 -0.40335527667806326 2.7933512757570043 0.3042436861104688 -4.140140884355485
0.5466796863664503 -0.07872365306180847 2.698456346973246 -0.2021932351864039 -2.664017057088308 1.4881441643558146 -0.4354991181546159 2.485625765414507 0.3975324577031234 -3.9145589300831656
0.7291605827512754 -0.3467740850558804 2.5572696434949154 0.252515087755566 -2.6740487630625895 1.4352055821033276 -0.4415431823971005 2.13840845035116 0.45847455155607986 -3.6342096192687325
0.8345630398456297 -0.5736649738813123 2.032737487582683 0.6821654513907706 -2.353870683897525 1.3892192367135243 -0.4368689485104474 1.82157449893387 0.4914956484357506 -3.384144911376197
0.8996410337383817 -0.7428731015229856 1.2612949613264537 1.0258402400458297 -1.844469450140125 1.3691240934738698 -0.43073913296410726 1.5429323014897565 0.5046285798189136 -3.1878073597527044
0.9974325775445114 -0.8157120629814283 0.5970462135989231 1.1462762140569747 -1.4807790810543742 1.386621683610679 -0.4229902967437596 1.3159765927628018 0.49002318809813744 -3.067094020014059
1.2669516655946804 -0.8190669099912307 0.1460416475682366 1.0173084625726014 -1.488234593936382 1.4829955156038301 -0.4242983542029212 1.1449274598259362 0.44549365849844225 -3.066816080804982
1.7268012673545006 -0.8233009686629884 -0.11252644162962165 0.7767408858144568 -1.8545867923967083 1.7201522474451119 -0.45459884145845203 1.0609169246376302 0.3749116684565854 -3.2694160442486178
2.1833256170380246 -0.8606599800636944 -0.467953261643369 0.615784411244487 -2.1612148114154532 2.124158823635677 -0.5237217791016969 1.0657254823990112 0.28504207895809375 -3.7077691006333886
2.5762475839012673 -0.9185206189015281 -0.949189918011658 0.5420322087057465 -2.316833425083004 2.6897736499046685 -0.6348260415152178 1.1758452547124396 0.18535823912306978 -4.388709273096414
2.8312722976629843 -0.96747632516762 -1.5710966148453913 0.538107743316543 -2.2370218327084803 3.2941245428363883 -0.7664844519952448 1.335200801238714 0.10516952302347049 -5.146382787222136
2.9187407223938404 -1.00417260770579 -2.3551877561836054 0.6119533809756181 -1.8661552743894694 3.768720402650684 -0.8937905027746468 1.3873882808501328 0.09514178788783943 -5.689866180837027
2.8592535636546668 -1.0392916824797838 -3.224475290309633 0.7642231869965093 -1.2526890775580808 4.018539463186263 -1.0113400398140995 1.211723866517591 0.19957049944904104 -5.816481834225561
2.657999855634766 -1.017467524509044 -3.9947649869572976 0.8686255870141557 -0.5473956544225914 4.033700216837659 -1.0550711479532433 0.9097110064597653 0.28701266770652784 -5.6152232931071895
2.3002481658096143 -0.9709238634550724 -4.479839259887193 0.9812397694876726 0.20099654105846204 3.815569936757958 -1.0149157128012727 0.8409057209319126 0.3108830388517949 -5.294741251728886
1.7462367874345943 -0.8371905681831633 -4.259589328300511 0.9745456606407665 0.7531926053979837 3.3263493905725414 -0.822482484404565 1.5512404106458837 0.12421372515287933 -5.173948108065521
1.052531252993686 -0.5814123478392513 -3.231013960208275 0.7478873156535966 0.9380669634225657 2.637760287701105 -0.46561996443017845 3.1404228689924403 -0.33567521538715644 -5.420673774842728
0.3932652087514365 -0.260104806857172 -1.6233137412160483 0.34397393932598047 0.6789413253391856 2.0010403429364625 -0.061706007674911474 5.225018309149386 -0.9368701084123437 -6.0711675772600175
-0.03327444037864177 0.03438720665609188 -0.039877130537773586 -0.11155988212573964 0.11226682495601423 1.6192136146706029 0.24210449938098302 6.878877570101833 -1.4337167030713283 -6.755754682250698
-0.14139850467018344 0.18367384761960415 0.6034041556293819 -0.3733123585013341 -0.24865598521178506 1.5308365457186623 0.3318603972697823 7.263989241228719 -1.576168480598546 -6.932806503623522
-0.13468641985412272 0.24195735760123696 0.7170625563929048 -0.4844202649821463 -0.39014954010482594 1.5692264136177674 0.29338046515607635 6.976231863006169 -1.494235133857702 -6.783877479403471
-0.14432599648773214 0.2863480076517515 0.749852671992976 -0.5613927322531512 -0.4475457646063244 1.617513692971856 0.20766989574066466 6.409873966000108 -1.3130272964190959 -6.438439888681739
-0.13272366049097664 0.3522996681447329 1.1620813858833023 -0.7159826829936767 -0.7825519305295301 1.6665191879369619 0.14464964181384785 6.080579861451484 -1.1927753580183773 -6.255474391653607
-0.08153580576048243 0.387200227583072 1.5692852995305933 -0.8297642039767087 -1.1430754823755307 1.7122965990247212 0.10184550174227883 5.8986406775611036 -1.1188615420776382 -6.176533646024358
-0.03476337607970075 0.4124420855843878 1.9280271104505187 -0.919463742419869 -1.4605965230990576 1.7525088674499463 0.09097937600576272 5.955305602667662 -1.118088610238178 -6.265056125111341
-0.013684862649625809 0.41851008520537925 1.9806104288552717 -0.9410539859774864 -1.5383352623722308 1.7945776296596527 0.09160261940194578 6.123424616508936 -1.1470771262799189 -6.43550147064157
-0.004511835681047888 0.42910941880837244 2.013427648756694 -0.9655517850110807 -1.5877795276324715 1.8322342896207753 0.08320413932000999 6.234071295819064 -1.1537499748616065 -6.555365622365017
0.003529037737390306 0.4404276322418277 2.0905904303436245 -0.9947520825213932 -1.6597055729478996 1.836404099854946 0.05776331427413848 6.035817988899544 -1.0942541040051812 -6.419036864626019
-0.002343831568591957 0.43807432966773957 2.072323819407218 -0.9862150885617003 -1.6383884637421047 1.8051375239144714 0.027246228675784433 5.611996261363779 -0.9959258730941456 -6.084422220907262
-0.008237174593330097 0.42623258526955415 1.961437325080176 -0.9527926065053236 -1.5556749608651015 1.7376015747330602 -0.0015324074784561481 4.920449029749667 -0.8684918045686307 -5.531190477984473
0.011759874858926742 0.41578962283885595 1.9504018613472216 -0.9379764040664513 -1.5807141512985214 1.6548644829644836 -0.02184027855098882 4.187727227976329 -0.7483071703653597 -4.935274430403116
0.021834142221991162 0.40292328215803636 1.9524467691370546 -0.9145695672730461 -1.5963396231914198 1.508118065825684 -0.02473535833558234 3.2919084473412035 -0.6249484220095719 -4.1484747982115024
-0.12531298563227972 0.40144931589000843 1.3822042126800198 -0.8119084053366836 -1.0068585686583442 1.1967895246964482 0.0025655341354034254 1.9558546679595186 -0.4650955887534636 -2.838306682999007
-0.3891015554859907 0.43013817226033957 0.5195932719184393 -0.7000639431264903 -0.05997080893451004 0.8305987383233275 0.059722314607193704 0.7550141849490283 -0.35070040949547054 -1.5294144203093982
-0.5637379947439084 0.4659797967873788 0.10572437050820625 -0.6678449208071424 0.4638262262095362 0.6263137416866433 0.10286757003078537 0.24826599631410656 -0.3198497100982521 -0.8994084686324597
-0.6395445101174152 0.49070563319800364 0.0008692445129928464 -0.6762210011607521 0.6412412432730024 0.550936642374429 0.12411990099823336 0.0985974725674877 -0.3214478066797231 -0.6905345909772134
-0.7213783083583396 0.507668821326943 -0.16216584818339405 -0.6577413535035519 0.8674488392055202 0.43295621750871255 0.1545245264416465 -0.12671606426729481 -0.3174919908571788 -0.36838219686832213
-0.8172831925848716 0.534045325805218 -0.35287296207579016 -0.6434226560399698 1.1280971397945578 0.2923222271007712 0.1898785483430662 -0.3002526279702959 -0.3160672300303082 -0.03504840388743685
-0.8645272226191747 0.556170960628383 -0.37478705875101626 -0.6533037850260008 1.2079104035084245 0.22469212766305705 0.20789022884214375 -0.2517761174619338 -0.32394745820270865 0.05403282218738559
-0.9132374286297108 0.5715454818994877 -0.32688584695107814 -0.6509264767413598 1.2581837647870755 0.1567151545237906 0.22035449040732863 -0.21831239538742647 -0.319148381984775 0.15821097455795496
-0.9748402963265337 0.5773185893350146 -0.20873941761771161 -0.6182858906772992 1.3032651257519048 0.05856678550064877 0.2416157800257503 -0.24703146515440186 -0.3119849557198702 0.34827073899892547
-1.0337351033187314 0.575108609930482 -0.06147491194118721 -0.5550742856712877 1.3320412238809691 -0.04698595416731739 0.2705856614231725 -0.28967099529758894 -0.3089809615312648 0.5564408351891622
-1.0573485787459143 0.5525669570315416 0.09661306915690754 -0.4669057898601063 1.2965594277681938 -0.10708294458770706 0.28954835637012166 -0.3077356712035369 -0.304511648014422 0.6727632217827975
-1.0572846450064233 0.5191625075737805 0.19669475591407853 -0.36497420396432617 1.2430407146505935 -0.1513144664243334 0.31016655386660136 -0.3618850438074054 -0.3063307920735729 0.7717781406371274
-1.06473958627502 0.5267715648617067 0.16675135429566074 -0.3010050628300501 1.2378717040631866 -0.20440916598951256 0.34852507753919015 -0.4438216023167007 -0.3225320022931716 0.8888036342368566
-1.055440325415616 0.5288316574125569 0.11644794522346298 -0.24194173821874126 1.2104376681028177 -0.22171451094299896 0.3587748459604052 -0.5013451317341677 -0.30753028548456424 0.9383910727276421
-1.05035815773097 0.5447738532744383 0.020729372240134016 -0.21109257310933482 1.205594578524218 -0.24175466595986714 0.3928867955984704 -0.6390237116235553 -0.3315128651125752 1.0180827513708022
-1.0450575111206326 0.5567910970869251 -0.12412611895591164 -0.1878329195505022 1.2219626648006305 -0.27265500515315383 0.45170862646562426 -0.8603139924160845 -0.39363942583136735 1.140257795727933
-1.0267494111063675 0.5167311167796346 -0.23190722843086434 -0.12059296137927705 1.221700608037366 -0.29833189258164194 0.4941026479537849 -1.143030358877101 -0.44223571157795505 1.2778925166723594
-1.0072377247339308 0.4686001349613328 -0.31590591795569434 -0.04191943713357372 1.2110701714999181 -0.31510319512909 0.5054127707966607 -1.40559024605669 -0.44272766554251325 1.3928419283008804
-0.9772628533465897 0.40463437139177766 -0.3388913785974733 0.05469952602711272 1.1659192858072545 -0.32898680215140375 0.513491610772505 -1.642809778023798 -0.4363123517439576 1.4856197789333925
-0.9571808628561254 0.3667836591254839 -0.3481521580601778 0.11124813176982913 1.1302277778598215 -0.32508134726373694 0.49889891756908006 -1.808013640741132 -0.40272669225246266 1.5245870186269763
-0.947370385356042 0.3453403267393146 -0.37209793848836975 0.14540778558888962 1.1156764341253695 -0.3097480496570469 0.48225173341111355 -1.8872873013942215 -0.3776767369927118 1.522395510744623
-0.9409748872930676 0.33035082826074025 -0.37587948173123653 0.16831126242329678 1.10261147645382 -0.28107025968262644 0.4528105272032729 -1.849377467117738 -0.34869413058740484 1.4744106688226046
-0.9444267372537946 0.3328388296169746 -0.40211414373345655 0.16816065112646533 1.1110207587953755 -0.27295260469500404 0.4805898749486908 -1.8024415559164992 -0.4082901572041439 1.46179701717312
-0.9429812846684589 0.3172993027492876 -0.4112936082302496 0.19495485925387146 1.1089280096146172 -0.24042501562445887 0.47451038466541917 -1.6309886622820493 -0.43403959818953264 1.392176417813341
-0.9364807476876432 0.28045475498229033 -0.41530382497146284 0.2563844479966099 1.0946216887656115 -0.2165336282144473 0.4875366634003555 -1.4666345743858766 -0.48735280346369847 1.3405532950652623
-0.9414819937465607 0.2596881297939791 -0.4592951550596321 0.30084556227580567 1.1036279444228954 -0.1754104589218067 0.46844979913060814 -1.248756223758599 -0.5010688133682379 1.2574729947916319
-0.9393763911173716 0.21642685045322654 -0.4991837676121172 0.38091229799218107 1.0954085202695412 -0.12514948470367962 0.4267426163620513 -1.0220441971102414 -0.4831394136183211 1.1610764636977922
-0.9649410744156226 0.19772581579194837 -0.6300921442797374 0.44602061219731953 1.1391791520045946 -0.07413734090661786 0.3724034040987038 -0.8223881338815744 -0.4418839857006278 1.0665481563655383
-0.9873441440638895 0.18950785311575621 -0.7339484631091093 0.48884119328180475 1.1714576420094156 -0.04103700996540137 0.3328036266599236 -0.6921837863553912 -0.40792116040916665 1.0050283834041558
-1.0060699255023953 0.1913423760878491 -0.8285002383761173 0.5094493429323843 1.1998416444680091 -0.023040143176976634 0.30894490444923767 -0.6210716375375049 -0.3850829820338534 0.9701325991110308
-1.0151687781856518 0.17530287012353618 -0.9004433052314287 0.5523938977276593 1.2114701825295044 -0.02062786962052797 0.3032826280388451 -0.6033107519502451 -0.378144925359984 0.9621237282755576
-1.0104237452318396 0.16087671819603785 -0.9090550138009966 0.5762233824765747 1.201263930347173 -0.02726331857150541 0.304870973697811 -0.6176631729046186 -0.3746363668457953 0.9679379589274689
-1.006051947969324 0.15127940153871866 -0.9173603289379969 0.5910483248678311 1.1960746130432618 -0.03656695679549208 0.3082964315094786 -0.6401161379489504 -0.3716606455621981 0.9772581281814303
-1.0104172136163119 0.174086394345075 -0.9482205793285222 0.5554889359025015 1.220479357061319 -0.050611895360630814 0.316213907932443 -0.6757166711061987 -0.371945241435218 0.9933381119620047
-1.036125908368057 0.21273743634373246 -1.001663546942375 0.517588026845653 1.2735583651599554 -0.06588340585662125 0.3248184575059049 -0.7133541171554889 -0.3722833750594292 1.0107461738658716
-1.0161997985078066 0.17439347465883107 -0.9390018571805628 0.5733398284897562 1.2377574893568433 -0.08262119356922641 0.33402690157489306 -0.7524764005274399 -0.3720641074537624 1.02958074599102
-0.9808884087455486 0.09065233651569055 -0.8449464594044048 0.6985645500880209 1.1625784360674134 -0.098315461658408 0.3400139016732956 -0.7863881728840871 -0.3667283082860214 1.0451440032301589
-0.9323343560269665 -0.05561052153645195 -0.6990041828547731 0.929338036004477 1.036424370549449 -0.11194988825406035 0.34081110665811454 -0.812639987429617 -0.3535790097468212 1.0553397768648152
-0.8638977400459074 -0.23687253805466627 -0.5037159815206362 1.2032094356935954 0.867156716342568 -0.12187145951419204 0.3330492282633962 -0.8263262786361644 -0.3278707948954179 1.0564962972008254
-0.8239870011215916 -0.36670644538281116 -0.4130511052773828 1.4049524334617125 0.7593655203542887 -0.12700170958775883 0.31563638118335247 -0.8249309055321786 -0.2887154219447671 1.046802591307586
-0.8110953099071138 -0.4206036661725133 -0.4134542783362578 1.4882823611037728 0.7247265702048122 -0.12995274014857824 0.2929998280713804 -0.8164318394878711 -0.24193675237367318 1.0314849140062317
-0.840300557316084 -0.3448353825371109 -0.5416209034433771 1.3732670284285866 0.8083757472345683 -0.1324602549821672 0.26905648213767436 -0.8061054327881667 -0.1932328672525378 1.01461082600694
-0.8992683074130985 -0.14959847521400338 -0.8163620592467006 1.0508920338492909 1.0124074363340043 -0.1362672424900765 0.2485969808244817 -0.7991860874633131 -0.1497375658324324 1.000781635341184
-0.9127172754047898 0.041851372895296814 -1.0174463268198886 0.685362302728756 1.1895073748726661 -0.14283249240324486 0.2358413724790237 -0.8018471074757908 -0.11832188341136222 0.9946948141619086
-0.8805935021297926 0.22143519603249892 -1.1321118029361306 0.28948475744106456 1.3309693269766487 -0.14898701490829985 0.22891291366910452 -0.8081329558848532 -0.09884850992157031 0.9931333357532657
-0.8378952801090982 0.36953707110340756 -1.1991155300484218 -0.05161190018458204 1.4383617282393846 -0.15258527331734725 0.2268224051754123 -0.8143912876126921 -0.09189127124137299 0.9942590831149549
-0.8015421190629544 0.48709989191971714 -1.2491917958866716 -0.3226888921125997 1.5238395243262064 -0.15333573895493618 0.22849319747379346 -0.8197401011483326 -0.09553303586416902 0.9971663541260277
-0.7899438255656323 0.5775334688361686 -1.2800796157132768 -0.5081838040464096 1.5872482189595836 -0.15230020566763636 0.2335436043640978 -0.8259804680180418 -0.10777381832651609 1.0023733583083512
-0.7803891527058456 0.6212471414486873 -1.2837643970390922 -0.6068739543515352 1.614030819000631 -0.15142889089019126 0.24209278100159573 -0.8353770271403596 -0.12653842559397463 1.010828017920397
-0.7747444811334284 0.5908506706763128 -1.211239436403667 -0.5520045529494024 1.568913628200816 -0.15067988066926952 0.25243816286539084 -0.8469128499976163 -0.14880275987977312 1.0211945847905866
-0.7736267200858659 0.5183488033487145 -1.0799759383609122 -0.40552575721031736 1.4783975264137579 -0.15025405956728408 0.26215466199498205 -0.8580592597536582 -0.16944363703934734 1.0311030005832282
-0.7725047070930698 0.42221864067589465 -0.9084009445132072 -0.210977246533309 1.3584250059463998 -0.14990239131021574 0.2694140544012583 -0.8655076826008398 -0.18496965043673458 1.0382626817279397
-0.7766999004320784 0.3063236042035042 -0.7221493752976372 0.029402505428445032 1.2203740068542026 -0.1493591944799203 0.27321682178203327 -0.8669098299903117 -0.1935955640232219 1.0411499250068228
-0.792408572774299 0.22355997074287343 -0.5848444956275964 0.2184597306627075 1.1179707997449604 -0.14898157941062606 0.27334432270743486 -0.8620596806398675 -0.1943875383929861 1.039476732109825
-0.8127289240111528 0.1570116203711717 -0.46976578329236673 0.38220292498088415 1.0316921674745816 -0.14912668165275406 0.27127418669519765 -0.8526500107913596 -0.1897676380468775 1.0346311186871027
-0.8411805582813118 0.16578700492302534 -0.4910981196554266 0.4055715372268272 1.0398143173123557 -0.14980690888057158 0.26779246412293983 -0.8393081360992601 -0.18118551289640347 1.0272178464919526
-0.8628819335013651 0.19160508137480875 -0.5577974174194547 0.3814443411028513 1.0778730050327094 -0.15203535038638327 0.2666051324516566 -0.8288400729268569 -0.17483518279157584 1.021922614824932
-0.868491952477916 0.22313189172028433 -0.6383563195598954 0.3245681398592653 1.1269441251903836 -0.15534738398247305 0.26801951527977996 -0.8222302617377198 -0.17207832409386098 1.0194034460743537
-0.8485308675021556 0.23074420202278775 -0.7041947659073445 0.27635873717895704 1.1607532386041077 -0.15886243387072194 0.271693738547127 -0.8191240883441273 -0.17339073860402715 1.0194248143409137
-0.8290735680021135 0.2210086179255648 -0.7623431688883529 0.258871196432398 1.1833080593272305 -0.1615538752158509 0.27638149791968375 -0.8186417505309945 -0.17785822242529498 1.0210939924103763
-0.8070169650866289 0.18897017158885324 -0.7968013070116357 0.2792934860148485 1.1855941366432103 -0.1636095540347217 0.28149258413750683 -0.8209774489856295 -0.18428660299255203 1.0242236156796676
-0.7961734547328395 0.1845720899739843 -0.8371801012497982 0.2686908682080652 1.2018552526359614 -0.16493416746956982 0.28605571840316957 -0.8253194727706201 -0.1910195167241097 1.0280276258486478
-0.802274204943427 0.2206261456636328 -0.8852775019404241 0.2124921125318443 1.2383586916438856 -0.16608532172259316 0.29107217212280345 -0.8323628334126302 -0.1990705648977056 1.0332258601582598
-0.8082115632798371 0.2493131364648567 -0.9072161159681215 0.17138240085458592 1.2604488751245584 -0.16780175277796772 0.29805356756761164 -0.8428918704202346 -0.21010320519489192 1.0407968120983946
-0.8099859898480766 0.25100134718556105 -0.8693095404066045 0.17784858594964514 1.2440746700885477 -0.16994800115162995 0.3065255864471046 -0.8557606647131324 -0.22334287822013027 1.0500406562087563
-0.8113037209905671 0.24616735614821417 -0.8054481947805161 0.1968830074699803 1.2135067609478085 -0.17211207460526667 0.31516267707808254 -0.8682014071373493 -0.23670756720246974 1.059150829107765
-0.8089578755157462 0.22768173372919698 -0.7021277224113979 0.23821687807238928 1.1592825270966967 -0.17405114615851772 0.32339018717448653 -0.878651409373747 -0.24936286089261264 1.0671935705940938
-0.8054130120046478 0.1994103355651191 -0.5977364813984797 0.293900623585703 1.1005936953073021 -0.17539080125239176 0.33035697199859726 -0.88498462970344 -0.2601071058140565 1.0728524426305244
-0.8032600547923111 0.17308081599185057 -0.517966923972307 0.34484719387434565 1.0536091477412293 -0.17612977115247594 0.3357551981447292 -0.8872327058222611 -0.2684788984627185 1.076021841323222
-0.8066715809863017 0.17682150662905383 -0.48691078329179505 0.34698142851235303 1.0405809949366145 -0.17646389108407717 0.33984427358141456 -0.8866657032870731 -0.2748619068457856 1.0773813054355292
-0.8085105373376766 0.1791030438639788 -0.468831145658319 0.34835552681503035 1.032666350748993 -0.17678156440976706 0.343933752375166 -0.8855533320213674 -0.2812528011711896 1.07848522242295
-0.8085136226911096 0.18052958712838768 -0.4574439932198699 0.3486824072364898 1.0273576199061258 -0.17707217302447864 0.3479702942633833 -0.8844575116336774 -0.28763566028539483 1.0795642455548795
-0.8070919107626272 0.1789143575544573 -0.44490780463892454 0.35279866569927226 1.0202014923725213 -0.17727375924002434 0.3518511091251425 -0.8835776449325488 -0.2939102797323766 1.080665846100849
-0.8061360498444665 0.17803487207173022 -0.42985924921709767 0.35600305348643996 1.012314221239631 -0.17732674793839687 0.35538242447739476 -0.8827883705187232 -0.29978765795926465 1.0816519738081316
-0.8057663524687887 0.17734658749405563 -0.4192674916976287 0.358978054083199 1.006530722276841 -0.17724711920692593 0.3585318281711179 -0.8819415737675105 -0.3051853277296536 1.0824471164511866
-0.8052299962175892 0.1745055722079956 -0.41627583340236085 0.3649733878484808 1.0032013667675295 -0.1771035731512506 0.36133282742870615 -0.881270936747806 -0.31010015032509614 1.0831721914317658
-0.8038460239437795 0.16567588860739224 -0.41765811018077303 0.3803666785368007 0.9992920474517707 -0.17694908468776913 0.363757748562235 -0.8811427231726323 -0.3144375592226372 1.0839784758647286
-0.8002262906350663 0.13820537021295776 -0.42746327305873844 0.42585308949470263 0.9914356667075636 -0.17678744094349882 0.3656085488673698 -0.8817258624823349 -0.31783386481977144 1.0848572631892157
-0.7946095409896212 0.10012905923011842 -0.44126713880470864 0.4889442167144945 0.9804976166176683 -0.1765995463314254 0.3662824284817095 -0.8833785395295713 -0.3192326708543998 1.0857177866435483
-0.7851865976335223 0.04685449480156376 -0.45474383197573637 0.5761994517113743 0.9627336023589247 -0.1762792563515432 0.3653073155936322 -0.8860138845951414 -0.3178293161095355 1.0863045249661065
-0.7721768404375184 -0.015726798231761433 -0.46867792830687116 0.6778499512227194 0.9405840009837374 -0.17559743506947217 0.3619533177374529 -0.8892034306170363 -0.31246529538836737 1.0861021231711483
-0.7538727798175776 -0.0964504466875958 -0.4691162900644531 0.8083007177722876 0.9045150339589918 -0.1743415882628952 0.35572141524736006 -0.8925579665424335 -0.30235542951117783 1.0846930118605544
-0.7300468207636339 -0.1903913989210462 -0.4598223185005407 0.9590351459876447 0.8576867334536846 -0.17211452906275304 0.3456274375066533 -0.8947905856521081 -0.28601173853718376 1.0810676072150762
-0.7043751938308395 -0.27875420969233594 -0.44089375473940756 1.0994037002202737 0.8082965051654665 -0.16851663869798322 0.3309273602817698 -0.8947136556216917 -0.2623622609692211 1.0743388112851704
-0.6809742691629768 -0.35273010736636273 -0.42337274849493317 1.2165326220879333 0.7654603429908976 -0.1633924095624477 0.3118060360197891 -0.8914469788148431 -0.23180111510417098 1.0641585295467009
-0.6623409058329307 -0.4087907705018866 -0.40524288151777343 1.305323201141623 0.7305804288976023 -0.15690407846703217 0.2890810493717665 -0.8850178954981698 -0.1956109976949654 1.0508720981165918
-0.6453178911143677 -0.4512282379683859 -0.3754830779921984 1.3701878499365996 0.6969453493269846 -0.14935733168474807 0.2638021332218482 -0.8755808614894285 -0.1554181601293564 1.0350154330476342
-0.626993288494931 -0.49075461085749184 -0.3221110734383716 1.4265082576332515 0.6553191152826086 -0.14080111719784127 0.23667631174320686 -0.862483964189778 -0.11251359308293798 1.016627832549449
-0.6035884905771408 -0.5282305354346486 -0.2462101581649579 1.4725934993749814 0.6048126325680786 -0.1311555793868233 0.20804189754135308 -0.8446157752765755 -0.0677048764038481 0.9954082465039429
-0.5693658413417828 -0.584732911916299 -0.12933897506640904 1.5420730190591796 0.5283597814003542 -0.12018640820458894 0.17811837365139627 -0.8210370324623376 -0.02161270507887658 0.9707528336754443
-0.5357991719532694 -0.6306429426962146 -0.02064851657269143 1.5921302287111099 0.4624937919207239 -0.10791306695665362 0.14491488046799192 -0.7963078765338336 0.03249090167185083 0.9363649690137708
-0.505554616252421 -0.6309383235464362 0.023893238259798114 1.5592636128120603 0.4562553563224148 -0.09688551330617476 0.1035735066072517 -0.8102233955431194 0.12273545875961966 0.8693047396484518
-0.4746099044944271 -0.6166882743555131 0.040959936992747074 1.5018247701752345 0.46241061652935866 -0.08235708113991207 0.06396619707824935 -0.8319706971120641 0.2106265577099383 0.798418301997208
-0.4345371004023652 -0.6027639422989362 0.0566121833545797 1.4405308621263138 0.4568203451444928 -0.06046585413926322 0.025239122251789255 -0.8510957142546087 0.2921291934673185 0.7226611985085005
-0.38850893451155194 -0.5717475958576961 0.023194834687545067 1.3502221239246186 0.4633913349438091 -0.022056705560297263 -0.017194768362012978 -0.8657702002282885 0.373073564083997 0.6239735266441052
-0.344572417975968 -0.5462188772687756 -0.0023815792252488586 1.2749863315489862 0.4512969568231112 0.02121538586147233 -0.0546450007739185 -0.8616054088141166 0.43318592184279386 0.5352333809246632
-0.2741504861729371 -0.5166427300839628 -0.06782263481253156 1.1826412082129776 0.42737322681874534 0.0982617464011372 -0.10036500474445374 -0.8479877391899744 0.49367436944978466 0.39598908743296213
-0.1389867646450626 -0.49932312692164144 -0.18044514449636784 1.0856460589512351 0.3518592200992849 0.24836679604620385 -0.16374618507856395 -0.7992065714138132 0.5498264944992144 0.14919451142230034
0.04294473116140677 -0.5138375806280843 -0.2935068040191998 1.0266745158450268 0.21836712897888813 0.4488583437023637 -0.23493499945347054 -0.7019793169879517 0.5882583801966764 -0.17134962932343778
0.22151103562891897 -0.5345641659019407 -0.4234490403014945 0.9839546895206526 0.09328495807882056 0.6611481109459499 -0.30359436313945215 -0.5629930147581468 0.6101586328982193 -0.5219700252713066
0.3586142683637403 -0.5548252568565842 -0.6017584416288972 0.9646671541517554 0.046365073958031466 0.8539085905984838 -0.36111410136907784 -0.3869076572061031 0.6164200933278989 -0.8691519136691275
0.43082868911227573 -0.564441125612671 -0.9941742216758991 0.9714934866168384 0.2124197925770872 1.0463964881196846 -0.4118611906883347 -0.10215524520437455 0.6024585441842898 -1.286049868458103
0.4075850527577618 -0.562787076110755 -1.5004017121279944 1.0117038796818285 0.5675352188491944 1.1638102871450002 -0.43330459641279473 0.19779088443085427 0.5675591331843127 -1.625220771003475
0.39461561454970007 -0.567564388872728 -1.7275979682989615 1.0415462704577994 0.7334409245408258 1.1854473946277144 -0.42502941359660884 0.320105027436881 0.5335115956504218 -1.7377798022185935
0.4019842319234251 -0.5684024232161808 -1.75189652040656 1.0411769767074923 0.7407913728859388 1.1673066411336854 -0.4078051072199474 0.3173467942484087 0.5094594827062886 -1.7220478807423385
0.3921027456390205 -0.5596199119298648 -1.781550323636501 1.0315828184654057 0.7681063096146286 1.1418214450090907 -0.39088367575950017 0.27631601634285935 0.4917851402716865 -1.671969076111186
0.38667825133441647 -0.5431472700854817 -1.729369435026243 0.9997977405027846 0.7331922383887696 1.1156194358126477 -0.37606910933011173 0.21938845516132954 0.4792984561810545 -1.6096184156698858
0.3855338212643168 -0.5103555811096924 -1.544372405908804 0.9256737796378085 0.5991041902747213 1.0897154928102335 -0.3640236520445525 0.14790020356054068 0.47274150468812143 -1.5368271523831298
0.3879451270534601 -0.46200058320263976 -1.2442051082200305 0.811662974326846 0.37861140667876714 1.0647322353027608 -0.355098288797823 0.0631766937179749 0.47246396557656684 -1.4550652171681797
0.38872783151462226 -0.40164203991712466 -0.885023113002825 0.6705500985751951 0.11621636481331868 1.0410505220528627 -0.34927973637421683 -0.0326461771495545 0.47818201192616155 -1.3662037436908179
0.3811786246073019 -0.33759901187005076 -0.5454596618231448 0.5267807990387153 -0.12496094310330713 1.0189706095514504 -0.34614377279532554 -0.13544868257353831 0.48871475138217985 -1.2734938861708467
0.35798158288482246 -0.27997892857647305 -0.3268099886752048 0.4103476554943082 -0.2653541373208227 0.9987541081395825 -0.34475076873461463 -0.2379957469974904 0.5016703502308552 -1.1823979908905344
0.3297602073492149 -0.23150872289980207 -0.18600699257240919 0.3188311170640627 -0.3447783617682434 0.9804225002565972 -0.34379637336905366 -0.33180833747965865 0.5139484302549853 -1.0990541895381876
0.31261946408351204 -0.19393269456062673 -0.0505245412788404 0.24344029957782296 -0.4295596850792328 0.9635542004042705 -0.3425437808799172 -0.4145538450198445 0.5241532640744563 -1.0248054611240351
0.30091694630775245 -0.17023874739979586 0.030953513607754873 0.19633514405761193 -0.47973810242311327 0.9476397621898258 -0.34148620893277115 -0.4927429398085852 0.5339284862270612 -0.9545892537351948
0.29513105314566807 -0.15796744396365336 0.07728073731551313 0.17144487808633505 -0.5090891445512021 0.9324996467328103 -0.3410394089365447 -0.5703229975620007 0.5444518916447303 -0.8854459699856443
0.29561137241850305 -0.15729459835940196 0.09460823521014775 0.1689566566212745 -0.5219039289882053 0.918190200209281 -0.34142925384147776 -0.6485364378121581 0.5562462967993285 -0.8165445868142274
0.29774351009904576 -0.164805312228987 0.05919494679349217 0.18580821520977547 -0.4988384817217236 0.9081736687218223 -0.3406081193385041 -0.6889107688732449 0.5612347275308759 -0.7779931912604763
0.27047686401868315 -0.30737396305463005 -1.2151410099788824 0.5669336419876481 0.4180708452243931 0.924887996036613 -0.2511911422341743 0.11801078271668783 0.321715832099937 -1.3573883169877772
0.29873821167519277 -0.4789027330189312 -2.3850390053221515 0.9762789006061152 1.20817163444503 0.9098962391433136 -0.13417337414053745 0.9460381143581892 0.03839679970722698 -1.9206670483915804
0.340885704643097 -0.5584717972013027 -2.8013471654496693 1.1462830949115028 1.4548186391995872 0.8852122841370258 -0.07073792509896552 1.3267158632475458 -0.10447837919949199 -2.159293769750309
0.38184302115008795 -0.6010499050459948 -2.9306685659961245 1.2244337731300077 1.5024403155542418 0.8539398802566371 -0.0279025251509692 1.5220463347454916 -0.19147027785698362 -2.2602519187473606
0.4305907423687742 -0.6316990464492258 -2.897073166638539 1.2654762459410809 1.4311908842900054 0.8065239300940416 0.012368758377459241 1.6039725291758848 -0.25976510016717697 -2.265814474980362
0.4602315787771707 -0.6402361122771254 -2.7849421125831806 1.2654603587691793 1.3246940854909441 0.7422376600775153 0.048198813600513625 1.5578717059118992 -0.3045064818278537 -2.164458808234434
0.45501518706268307 -0.6273445592310287 -2.7100436469047313 1.2391311459837864 1.2770063938318563 0.6511415795214278 0.08155755430508732 1.3508978700234355 -0.323148938004767 -1.9235914578555073
0.41042885212503516 -0.6026712555082091 -2.767350346002799 1.2132876764172216 1.3605763898306238 0.5515561325371362 0.10757799239733178 1.0147467299199984 -0.31569915005684374 -1.5879258125084856
